-1.900000,0.000000,1.000000,1.999900,3.000000,4.000000,5.000000,6.000000,7.000000,8.000000,9.000000,10.000000,11.000000,12.000000,13.000000,14.000000,15.000000,16.000000,17.000000,18.000000,19.000000,20.000000,21.000000,22.000000,23.000000,24.000000,25.000000,26.000000,27.000000,28.000000,28.997500,-19.996550,-0.000950,-0.200000,0.000000,0.000000,0.000000,0.000000,0.000000,0.000000,0.000000,0.000000,0.000000,0.000000,0.000000,0.000000,0.000000,0.000000,0.000000,0.000000,0.000000,0.000000,0.000000,0.000000,0.000000,0.000000,0.000000,0.000000,0.000000,0.000000,-5.000000
-3.798120,0.000000,1.000000,1.999600,3.000000,4.000000,5.000000,6.000000,7.000000,8.000000,9.000000,10.000000,11.000000,12.000000,13.000000,14.000000,15.000000,16.000000,17.000000,18.000000,19.000000,20.000000,21.000000,22.000000,23.000000,24.000000,25.000000,26.000000,27.000000,28.000000,28.990000,-19.986201,-0.003799,-0.399960,-0.000020,0.000000,0.000000,0.000000,0.000000,0.000000,0.000000,0.000000,0.000000,0.000000,0.000000,0.000000,0.000000,0.000000,0.000000,0.000000,0.000000,0.000000,0.000000,0.000000,0.000000,0.000000,0.000000,0.000000,0.000000,-0.000500,-9.998310
-5.694480,0.000000,1.000000,1.999100,3.000000,4.000000,5.000000,6.000000,7.000000,8.000000,9.000000,10.000000,11.000000,12.000000,13.000000,14.000000,15.000000,16.000000,17.000000,18.000000,19.000000,20.000000,21.000000,22.000000,23.000000,24.000000,25.000000,26.000000,27.000000,27.999999,28.977504,-19.968955,-0.008545,-0.599840,-0.000080,-0.000000,0.000000,0.000000,0.000000,0.000000,0.000000,0.000000,0.000000,0.000000,0.000000,0.000000,0.000000,0.000000,0.000000,0.000000,0.000000,0.000000,0.000000,0.000000,0.000000,0.000000,0.000000,0.000000,-0.000000,-0.002000,-14.993240
-7.588202,0.000000,1.000000,1.998400,3.000000,4.000000,5.000000,6.000000,7.000000,8.000000,9.000000,10.000000,11.000000,12.000000,13.000000,14.000000,15.000000,16.000000,17.000000,18.000000,19.000000,20.000000,21.000000,22.000000,23.000000,24.000000,25.000000,26.000000,27.000000,27.999996,28.960014,-19.944818,-0.015187,-0.799600,-0.000200,-0.000000,-0.000000,0.000000,0.000000,0.000000,0.000000,0.000000,0.000000,0.000000,0.000000,0.000000,0.000000,0.000000,0.000000,0.000000,0.000000,0.000000,0.000000,0.000000,0.000000,0.000000,0.000000,-0.000000,-0.000000,-0.004999,-19.983103
-9.478407,0.000000,1.000000,1.997501,3.000000,4.000000,5.000000,6.000000,7.000000,8.000000,9.000000,10.000000,11.000000,12.000000,13.000000,14.000000,15.000000,16.000000,17.000000,18.000000,19.000000,20.000000,21.000000,22.000000,23.000000,24.000000,25.000000,26.000000,27.000000,27.999989,28.937538,-19.913797,-0.023720,-0.999200,-0.000400,-0.000000,-0.000000,0.000000,0.000000,0.000000,0.000000,0.000000,0.000000,0.000000,0.000000,0.000000,0.000000,0.000000,0.000000,0.000000,0.000000,0.000000,0.000000,0.000000,0.000000,0.000000,0.000000,-0.000000,-0.000001,-0.009995,-24.966211
-11.364218,0.000000,1.000000,1.996402,2.999999,4.000000,5.000000,6.000000,7.000000,8.000000,9.000000,10.000000,11.000000,12.000000,13.000000,14.000000,15.000000,16.000000,17.000000,18.000000,19.000000,20.000000,21.000000,22.000000,23.000000,24.000000,25.000000,26.000000,27.000000,27.999976,28.910082,-19.875901,-0.034142,-1.198601,-0.000700,-0.000000,-0.000000,-0.000000,0.000000,0.000000,0.000000,0.000000,0.000000,0.000000,0.000000,0.000000,0.000000,0.000000,0.000000,0.000000,0.000000,0.000000,0.000000,0.000000,0.000000,0.000000,-0.000000,-0.000000,-0.000003,-0.017486,-29.940880
-13.244759,0.000000,1.000000,1.995104,2.999998,4.000000,5.000000,6.000000,7.000000,8.000000,9.000000,10.000000,11.000000,12.000000,13.000000,14.000000,15.000000,16.000000,17.000000,18.000000,19.000000,20.000000,21.000000,22.000000,23.000000,24.000000,25.000000,26.000000,27.000000,27.999954,28.877657,-19.831142,-0.046447,-1.397761,-0.001119,-0.000000,-0.000000,-0.000000,0.000000,0.000000,0.000000,0.000000,0.000000,0.000000,0.000000,0.000000,0.000000,0.000000,0.000000,0.000000,0.000000,0.000000,0.000000,0.000000,0.000000,0.000000,-0.000000,-0.000000,-0.000006,-0.027968,-34.905430
-15.119157,0.000000,1.000000,1.993606,2.999997,4.000000,5.000000,6.000000,7.000000,8.000000,9.000000,10.000000,11.000000,12.000000,13.000000,14.000000,15.000000,16.000000,17.000000,18.000000,19.000000,20.000000,21.000000,22.000000,23.000000,24.000000,25.000000,26.000000,27.000000,27.999920,28.840272,-19.779533,-0.060630,-1.596642,-0.001678,-0.000000,-0.000000,-0.000000,0.000000,0.000000,0.000000,0.000000,0.000000,0.000000,0.000000,0.000000,0.000000,0.000000,0.000000,0.000000,0.000000,0.000000,0.000000,0.000000,0.000000,0.000000,-0.000000,-0.000000,-0.000012,-0.041936,-39.858182
-16.986540,0.000000,1.000000,1.991910,2.999995,4.000000,5.000000,6.000000,7.000000,8.000000,9.000000,10.000000,11.000000,12.000000,13.000000,14.000000,15.000000,16.000000,17.000000,18.000000,19.000000,20.000000,21.000000,22.000000,23.000000,24.000000,25.000000,26.000000,27.000000,27.999870,28.797941,-19.721090,-0.076685,-1.795204,-0.002396,-0.000001,-0.000000,-0.000000,0.000000,0.000000,0.000000,0.000000,0.000000,0.000000,0.000000,0.000000,0.000000,0.000000,0.000000,0.000000,0.000000,0.000000,0.000000,0.000000,0.000000,0.000000,-0.000000,-0.000000,-0.000022,-0.059881,-44.797462
-18.846039,0.000000,1.000000,1.990016,2.999992,4.000000,5.000000,6.000000,7.000000,8.000000,9.000000,10.000000,11.000000,12.000000,13.000000,14.000000,15.000000,16.000000,17.000000,18.000000,19.000000,20.000000,21.000000,22.000000,23.000000,24.000000,25.000000,26.000000,27.000000,27.999800,28.750677,-19.655830,-0.094602,-1.993408,-0.003294,-0.000002,-0.000000,-0.000000,0.000000,0.000000,0.000000,0.000000,0.000000,0.000000,0.000000,0.000000,0.000000,0.000000,0.000000,0.000000,0.000000,0.000000,0.000000,0.000000,0.000000,0.000000,-0.000000,-0.000000,-0.000038,-0.082295,-49.721603
-20.696786,0.000000,1.000000,1.987924,2.999988,4.000000,5.000000,6.000000,7.000000,8.000000,9.000000,10.000000,11.000000,12.000000,13.000000,14.000000,15.000000,16.000000,17.000000,18.000000,19.000000,20.000000,21.000000,22.000000,23.000000,24.000000,25.000000,26.000000,27.000000,27.999705,28.698498,-19.583772,-0.114375,-2.191212,-0.004390,-0.000002,-0.000000,-0.000000,0.000000,0.000000,0.000000,0.000000,0.000000,0.000000,0.000000,0.000000,0.000000,0.000000,0.000000,0.000000,0.000000,0.000000,0.000000,0.000000,0.000000,0.000000,-0.000000,-0.000000,-0.000062,-0.109665,-54.628941
-22.537919,0.000000,1.000000,1.985634,2.999983,4.000000,5.000000,6.000000,7.000000,8.000000,9.000000,10.000000,11.000000,12.000000,13.000000,14.000000,15.000000,16.000000,17.000000,18.000000,19.000000,20.000000,21.000000,22.000000,23.000000,24.000000,25.000000,26.000000,27.000000,27.999580,28.641420,-19.504939,-0.135995,-2.388579,-0.005704,-0.000004,-0.000000,-0.000000,0.000000,0.000000,0.000000,0.000000,0.000000,0.000000,0.000000,0.000000,0.000000,0.000000,0.000000,0.000000,0.000000,0.000000,0.000000,0.000000,0.000000,0.000000,-0.000000,-0.000000,-0.000097,-0.142477,-59.517817
-24.368576,0.000000,1.000000,1.983146,2.999977,4.000000,5.000000,6.000000,7.000000,8.000000,9.000000,10.000000,11.000000,12.000000,13.000000,14.000000,15.000000,16.000000,17.000000,18.000000,19.000000,20.000000,21.000000,22.000000,23.000000,24.000000,25.000000,26.000000,27.000000,27.999420,28.579463,-19.419354,-0.159450,-2.585469,-0.007257,-0.000006,-0.000000,-0.000000,0.000000,0.000000,0.000000,0.000000,0.000000,0.000000,0.000000,0.000000,0.000000,0.000000,0.000000,0.000000,0.000000,0.000000,0.000000,0.000000,0.000000,-0.000000,-0.000000,-0.000000,-0.000146,-0.181213,-64.386582
-26.187901,0.000000,1.000000,1.980463,2.999969,4.000000,5.000000,6.000000,7.000000,8.000000,9.000000,10.000000,11.000000,12.000000,13.000000,14.000000,15.000000,16.000000,17.000000,18.000000,19.000000,20.000000,21.000000,22.000000,23.000000,24.000000,25.000000,26.000000,27.000000,27.999218,28.512647,-19.327043,-0.184731,-2.781843,-0.009066,-0.000009,-0.000000,-0.000000,0.000000,0.000000,0.000000,0.000000,0.000000,0.000000,0.000000,0.000000,0.000000,0.000000,0.000000,0.000000,0.000000,0.000000,0.000000,0.000000,0.000000,-0.000000,-0.000000,-0.000000,-0.000213,-0.226352,-69.233591
-27.995040,0.000000,1.000000,1.977583,2.999959,4.000000,5.000000,6.000000,7.000000,8.000000,9.000000,10.000000,11.000000,12.000000,13.000000,14.000000,15.000000,16.000000,17.000000,18.000000,19.000000,20.000000,21.000000,22.000000,23.000000,24.000000,25.000000,26.000000,26.999999,27.998967,28.440996,-19.228033,-0.211825,-2.977661,-0.011151,-0.000012,-0.000000,-0.000000,-0.000000,0.000000,0.000000,0.000000,0.000000,0.000000,0.000000,0.000000,0.000000,0.000000,0.000000,0.000000,0.000000,0.000000,0.000000,0.000000,0.000000,-0.000000,-0.000000,-0.000000,-0.000303,-0.278370,-74.057208
-29.789144,0.000000,1.000000,1.974507,2.999946,4.000000,5.000000,6.000000,7.000000,8.000000,9.000000,10.000000,11.000000,12.000000,13.000000,14.000000,15.000000,16.000000,17.000000,18.000000,19.000000,20.000000,21.000000,22.000000,23.000000,24.000000,25.000000,26.000000,26.999999,27.998661,28.364533,-19.122354,-0.240719,-3.172884,-0.013533,-0.000017,-0.000000,-0.000000,-0.000000,0.000000,0.000000,0.000000,0.000000,0.000000,0.000000,0.000000,0.000000,0.000000,0.000000,0.000000,0.000000,0.000000,0.000000,0.000000,0.000000,-0.000000,-0.000000,-0.000000,-0.000420,-0.337738,-78.855805
-31.569368,0.000000,1.000000,1.971237,2.999932,4.000000,5.000000,6.000000,7.000000,8.000000,9.000000,10.000000,11.000000,12.000000,13.000000,14.000000,15.000000,16.000000,17.000000,18.000000,19.000000,20.000000,21.000000,22.000000,23.000000,24.000000,25.000000,26.000000,26.999998,27.998291,28.283285,-19.010037,-0.271402,-3.367474,-0.016229,-0.000023,-0.000000,-0.000000,-0.000000,0.000000,0.000000,0.000000,0.000000,0.000000,0.000000,0.000000,0.000000,0.000000,0.000000,0.000000,0.000000,0.000000,0.000000,0.000000,0.000000,-0.000000,-0.000000,-0.000000,-0.000570,-0.404926,-83.627762
-33.334872,0.000000,1.000000,1.967772,2.999914,4.000000,5.000000,6.000000,7.000000,8.000000,9.000000,10.000000,11.000000,12.000000,13.000000,14.000000,15.000000,16.000000,17.000000,18.000000,19.000000,20.000000,21.000000,22.000000,23.000000,24.000000,25.000000,26.000000,26.999998,27.997851,28.197278,-18.891117,-0.303857,-3.561393,-0.019258,-0.000030,-0.000000,-0.000000,-0.000000,0.000000,0.000000,0.000000,0.000000,0.000000,0.000000,0.000000,0.000000,0.000000,0.000000,0.000000,0.000000,0.000000,0.000000,0.000000,0.000000,-0.000000,-0.000000,-0.000001,-0.000761,-0.480397,-88.371470
-35.084821,0.000000,1.000000,1.964114,2.999893,4.000000,5.000000,6.000000,7.000000,8.000000,9.000000,10.000000,11.000000,12.000000,13.000000,14.000000,15.000000,16.000000,17.000000,18.000000,19.000000,20.000000,21.000000,22.000000,23.000000,24.000000,25.000000,26.000000,26.999997,27.997331,28.106542,-18.765628,-0.338070,-3.754601,-0.022640,-0.000040,-0.000000,-0.000000,-0.000000,0.000000,0.000000,0.000000,0.000000,0.000000,0.000000,0.000000,0.000000,0.000000,0.000000,0.000000,0.000000,0.000000,0.000000,0.000000,0.000000,-0.000000,-0.000000,-0.000001,-0.000999,-0.564611,-93.085329
-36.818385,0.000000,1.000000,1.960263,2.999869,4.000000,5.000000,6.000000,7.000000,8.000000,9.000000,10.000000,11.000000,12.000000,13.000000,14.000000,15.000000,16.000000,17.000000,18.000000,19.000000,20.000000,21.000000,22.000000,23.000000,24.000000,25.000000,26.000000,26.999996,27.996722,28.011108,-18.633610,-0.374025,-3.947060,-0.026392,-0.000052,-0.000000,-0.000000,-0.000000,0.000000,0.000000,0.000000,0.000000,0.000000,0.000000,0.000000,0.000000,0.000000,0.000000,0.000000,0.000000,0.000000,0.000000,0.000000,0.000000,-0.000000,-0.000000,-0.000001,-0.001294,-0.658021,-97.767749
-38.534739,0.000000,1.000000,1.956220,2.999840,4.000000,5.000000,6.000000,7.000000,8.000000,9.000000,10.000000,11.000000,12.000000,13.000000,14.000000,15.000000,16.000000,17.000000,18.000000,19.000000,20.000000,21.000000,22.000000,23.000000,24.000000,25.000000,26.000000,26.999994,27.996014,27.911007,-18.495100,-0.411706,-4.138732,-0.030534,-0.000066,-0.000000,-0.000000,-0.000000,0.000000,0.000000,0.000000,0.000000,0.000000,0.000000,0.000000,0.000000,0.000000,0.000000,0.000000,0.000000,0.000000,0.000000,0.000000,0.000000,-0.000000,-0.000000,-0.000002,-0.001654,-0.761077,-102.417152
-40.233065,0.000000,1.000000,1.951986,2.999808,4.000000,5.000000,6.000000,7.000000,8.000000,9.000000,10.000000,11.000000,12.000000,13.000000,14.000000,15.000000,16.000000,17.000000,18.000000,19.000000,20.000000,21.000000,22.000000,23.000000,24.000000,25.000000,26.000000,26.999992,27.995199,27.806274,-18.350141,-0.451094,-4.329580,-0.035084,-0.000084,-0.000000,-0.000000,-0.000000,0.000000,0.000000,0.000000,0.000000,0.000000,0.000000,0.000000,0.000000,0.000000,0.000000,0.000000,0.000000,0.000000,0.000000,0.000000,0.000000,-0.000000,-0.000000,-0.000002,-0.002089,-0.874225,-107.031972
-41.912550,0.000000,1.000000,1.947561,2.999770,4.000000,5.000000,6.000000,7.000000,8.000000,9.000000,10.000000,11.000000,12.000000,13.000000,14.000000,15.000000,16.000000,17.000000,18.000000,19.000000,20.000000,21.000000,22.000000,23.000000,24.000000,25.000000,26.000000,26.999990,27.994266,27.696944,-18.198776,-0.492171,-4.519565,-0.040060,-0.000105,-0.000000,-0.000000,-0.000000,0.000000,0.000000,0.000000,0.000000,0.000000,0.000000,0.000000,0.000000,0.000000,0.000000,0.000000,0.000000,0.000000,0.000000,0.000000,0.000000,-0.000000,-0.000000,-0.000003,-0.002611,-0.997902,-111.610653
-43.572388,0.000000,1.000000,1.942947,2.999727,3.999999,5.000000,6.000000,7.000000,8.000000,9.000000,10.000000,11.000000,12.000000,13.000000,14.000000,15.000000,16.000000,17.000000,18.000000,19.000000,20.000000,21.000000,22.000000,23.000000,24.000000,25.000000,26.000000,26.999987,27.993203,27.583053,-18.041050,-0.534918,-4.708650,-0.045480,-0.000130,-0.000000,-0.000000,-0.000000,0.000000,0.000000,0.000000,0.000000,0.000000,0.000000,0.000000,0.000000,0.000000,0.000000,0.000000,0.000000,0.000000,0.000000,0.000000,0.000000,-0.000000,-0.000000,-0.000004,-0.003232,-1.132543,-116.151654
-45.211778,0.000000,1.000000,1.938144,2.999679,3.999999,5.000000,6.000000,7.000000,8.000000,9.000000,10.000000,11.000000,12.000000,13.000000,14.000000,15.000000,16.000000,17.000000,18.000000,19.000000,20.000000,21.000000,22.000000,23.000000,24.000000,25.000000,26.000000,26.999984,27.992001,27.464641,-17.877011,-0.579314,-4.896798,-0.051362,-0.000159,-0.000000,-0.000000,-0.000000,0.000000,0.000000,0.000000,0.000000,0.000000,0.000000,0.000000,0.000000,0.000000,0.000000,0.000000,0.000000,0.000000,0.000000,0.000000,0.000000,-0.000000,-0.000000,-0.000006,-0.003965,-1.278574,-120.653447
-46.829929,0.000000,1.000000,1.933153,2.999625,3.999999,5.000000,6.000000,7.000000,8.000000,9.000000,10.000000,11.000000,12.000000,13.000000,14.000000,15.000000,16.000000,17.000000,18.000000,19.000000,20.000000,21.000000,22.000000,23.000000,24.000000,25.000000,26.000000,26.999979,27.990646,27.341746,-17.706707,-0.625340,-5.083972,-0.057723,-0.000193,-0.000000,-0.000000,-0.000000,0.000000,0.000000,0.000000,0.000000,0.000000,0.000000,0.000000,0.000000,0.000000,0.000000,0.000000,0.000000,0.000000,0.000000,0.000000,-0.000000,-0.000000,-0.000000,-0.000008,-0.004826,-1.436417,-125.114516
-48.426054,0.000000,1.000000,1.927976,2.999564,3.999999,5.000000,6.000000,7.000000,8.000000,9.000000,10.000000,11.000000,12.000000,13.000000,14.000000,15.000000,16.000000,17.000000,18.000000,19.000000,20.000000,21.000000,22.000000,23.000000,24.000000,25.000000,26.000000,26.999974,27.989128,27.214412,-17.530190,-0.672973,-5.270135,-0.064581,-0.000234,-0.000000,-0.000000,-0.000000,0.000000,0.000000,0.000000,0.000000,0.000000,0.000000,0.000000,0.000000,0.000000,0.000000,0.000000,0.000000,0.000000,0.000000,0.000000,-0.000000,-0.000000,-0.000000,-0.000010,-0.005828,-1.606486,-129.533361
-49.999374,0.000000,1.000000,1.922613,2.999496,3.999999,5.000000,6.000000,7.000000,8.000000,9.000000,10.000000,11.000000,12.000000,13.000000,14.000000,15.000000,16.000000,17.000000,18.000000,19.000000,20.000000,21.000000,22.000000,23.000000,24.000000,25.000000,26.000000,26.999968,27.987433,27.082680,-17.347512,-0.722191,-5.455250,-0.071954,-0.000280,-0.000001,-0.000000,-0.000000,0.000000,0.000000,0.000000,0.000000,0.000000,0.000000,0.000000,0.000000,0.000000,0.000000,0.000000,0.000000,0.000000,0.000000,0.000000,-0.000000,-0.000000,-0.000000,-0.000013,-0.006990,-1.789189,-133.908497
-51.549120,0.000000,1.000000,1.917065,2.999420,3.999998,5.000000,6.000000,7.000000,8.000000,9.000000,10.000000,11.000000,12.000000,13.000000,14.000000,15.000000,16.000000,17.000000,18.000000,19.000000,20.000000,21.000000,22.000000,23.000000,24.000000,25.000000,26.000000,26.999960,27.985549,26.946595,-17.158728,-0.772970,-5.639281,-0.079857,-0.000334,-0.000001,-0.000000,-0.000000,0.000000,0.000000,0.000000,0.000000,0.000000,0.000000,0.000000,0.000000,0.000000,0.000000,0.000000,0.000000,0.000000,0.000000,0.000000,-0.000000,-0.000000,-0.000000,-0.000016,-0.008329,-1.984928,-138.238453
-53.074528,0.000000,1.000000,1.911334,2.999336,3.999998,5.000000,6.000000,7.000000,8.000000,9.000000,10.000000,11.000000,12.000000,13.000000,14.000000,15.000000,16.000000,17.000000,18.000000,19.000000,20.000000,21.000000,22.000000,23.000000,24.000000,25.000000,26.000000,26.999951,27.983463,26.806204,-16.963895,-0.825288,-5.822192,-0.088309,-0.000396,-0.000001,-0.000000,-0.000000,0.000000,0.000000,0.000000,0.000000,0.000000,0.000000,0.000000,0.000000,0.000000,0.000000,0.000000,0.000000,0.000000,0.000000,0.000000,-0.000000,-0.000000,-0.000000,-0.000021,-0.009865,-2.194096,-142.521775
-54.574843,0.000000,1.000000,1.905421,2.999243,3.999998,5.000000,6.000000,7.000000,8.000000,9.000000,10.000000,11.000000,12.000000,13.000000,14.000000,15.000000,16.000000,17.000000,18.000000,19.000000,20.000000,21.000000,22.000000,23.000000,24.000000,25.000000,26.000000,26.999940,27.981161,26.661552,-16.763070,-0.879118,-6.003947,-0.097325,-0.000466,-0.000001,-0.000000,-0.000000,-0.000000,0.000000,0.000000,0.000000,0.000000,0.000000,0.000000,0.000000,0.000000,0.000000,0.000000,0.000000,0.000000,0.000000,0.000000,-0.000000,-0.000000,-0.000000,-0.000026,-0.011617,-2.417080,-146.757025
-56.049320,0.000000,1.000000,1.899326,2.999141,3.999997,5.000000,6.000000,7.000000,8.000000,9.000000,10.000000,11.000000,12.000000,13.000000,14.000000,15.000000,16.000000,17.000000,18.000000,19.000000,20.000000,21.000000,22.000000,23.000000,24.000000,25.000000,26.000000,26.999928,27.978629,26.512690,-16.556314,-0.934436,-6.184512,-0.106922,-0.000546,-0.000001,-0.000000,-0.000000,-0.000000,0.000000,0.000000,0.000000,0.000000,0.000000,0.000000,0.000000,0.000000,0.000000,0.000000,0.000000,0.000000,0.000000,0.000000,-0.000000,-0.000000,-0.000000,-0.000033,-0.013609,-2.654260,-150.942782
-57.497221,0.000000,1.000000,1.893052,2.999029,3.999997,5.000000,6.000000,7.000000,8.000000,9.000000,10.000000,11.000000,12.000000,13.000000,14.000000,15.000000,16.000000,17.000000,18.000000,19.000000,20.000000,21.000000,22.000000,23.000000,24.000000,25.000000,26.000000,26.999913,27.975852,26.359667,-16.343688,-0.991216,-6.363850,-0.117117,-0.000637,-0.000002,-0.000000,-0.000000,-0.000000,0.000000,0.000000,0.000000,0.000000,0.000000,0.000000,0.000000,0.000000,0.000000,0.000000,0.000000,0.000000,0.000000,0.000000,-0.000000,-0.000000,-0.000000,-0.000040,-0.015863,-2.906006,-155.077642
-58.917817,0.000000,1.000000,1.886599,2.998907,3.999996,5.000000,6.000000,7.000000,8.000000,9.000000,10.000000,11.000000,12.000000,13.000000,14.000000,15.000000,16.000000,17.000000,18.000000,19.000000,20.000000,21.000000,22.000000,23.000000,24.000000,25.000000,26.000000,26.999896,27.972817,26.202535,-16.125257,-1.049430,-6.541927,-0.127924,-0.000739,-0.000002,-0.000000,-0.000000,-0.000000,0.000000,0.000000,0.000000,0.000000,0.000000,0.000000,0.000000,0.000000,0.000000,0.000000,0.000000,0.000000,0.000000,0.000000,-0.000000,-0.000000,-0.000000,-0.000050,-0.018404,-3.172683,-159.160220
-60.310389,0.000000,1.000000,1.879968,2.998773,3.999995,5.000000,6.000000,7.000000,8.000000,9.000000,10.000000,11.000000,12.000000,13.000000,14.000000,15.000000,16.000000,17.000000,18.000000,19.000000,20.000000,21.000000,22.000000,23.000000,24.000000,25.000000,26.000000,26.999876,27.969507,26.041347,-15.901084,-1.109050,-6.718708,-0.139361,-0.000854,-0.000002,-0.000000,-0.000000,-0.000000,0.000000,0.000000,0.000000,0.000000,0.000000,0.000000,0.000000,0.000000,0.000000,0.000000,0.000000,0.000000,0.000000,0.000000,-0.000000,-0.000000,-0.000000,-0.000061,-0.021258,-3.454645,-163.189149
-61.674226,0.000000,1.000000,1.873161,2.998628,3.999994,5.000000,6.000000,7.000000,8.000000,9.000000,10.000000,11.000000,12.000000,13.000000,14.000000,15.000000,16.000000,17.000000,18.000000,19.000000,20.000000,21.000000,22.000000,23.000000,24.000000,25.000000,26.000000,26.999853,27.965907,25.876157,-15.671238,-1.170049,-6.894159,-0.151441,-0.000982,-0.000003,-0.000000,-0.000000,-0.000000,0.000000,0.000000,0.000000,0.000000,0.000000,0.000000,0.000000,0.000000,0.000000,0.000000,0.000000,0.000000,0.000000,0.000000,-0.000000,-0.000000,-0.000000,-0.000075,-0.024454,-3.752239,-167.163079
-63.008629,0.000000,1.000000,1.866180,2.998471,3.999993,5.000000,6.000000,7.000000,8.000000,9.000000,10.000000,11.000000,12.000000,13.000000,14.000000,15.000000,16.000000,17.000000,18.000000,19.000000,20.000000,21.000000,22.000000,23.000000,24.000000,25.000000,26.000000,26.999827,27.962002,25.707021,-15.435787,-1.232398,-7.068247,-0.164181,-0.001126,-0.000004,-0.000000,-0.000000,-0.000000,0.000000,0.000000,0.000000,0.000000,0.000000,0.000000,0.000000,0.000000,0.000000,0.000000,0.000000,0.000000,0.000000,0.000000,-0.000000,-0.000000,-0.000000,-0.000090,-0.028019,-4.065803,-171.080683
-64.312907,0.000000,1.000000,1.859025,2.998300,3.999992,5.000000,6.000000,7.000000,8.000000,9.000000,10.000000,11.000000,12.000000,13.000000,14.000000,15.000000,16.000000,17.000000,18.000000,19.000000,20.000000,21.000000,22.000000,23.000000,24.000000,25.000000,25.999999,26.999797,27.957776,25.533996,-15.194800,-1.296065,-7.240937,-0.177595,-0.001285,-0.000004,-0.000000,-0.000000,-0.000000,0.000000,0.000000,0.000000,0.000000,0.000000,0.000000,0.000000,0.000000,0.000000,0.000000,0.000000,0.000000,0.000000,0.000000,-0.000000,-0.000000,-0.000000,-0.000109,-0.031984,-4.395668,-174.940650
-65.586379,0.000000,1.000000,1.851698,2.998115,3.999990,5.000000,6.000000,7.000000,8.000000,9.000000,10.000000,11.000000,12.000000,13.000000,14.000000,15.000000,16.000000,17.000000,18.000000,19.000000,20.000000,21.000000,22.000000,23.000000,24.000000,25.000000,25.999999,26.999763,27.953211,25.357140,-14.948351,-1.361022,-7.412197,-0.191697,-0.001463,-0.000005,-0.000000,-0.000000,-0.000000,0.000000,0.000000,0.000000,0.000000,0.000000,0.000000,0.000000,0.000000,0.000000,0.000000,0.000000,0.000000,0.000000,0.000000,-0.000000,-0.000000,-0.000000,-0.000131,-0.036383,-4.742153,-178.741691
-66.828375,0.000000,1.000000,1.844200,2.997916,3.999989,5.000000,6.000000,7.000000,8.000000,9.000000,10.000000,11.000000,12.000000,13.000000,14.000000,15.000000,16.000000,17.000000,18.000000,19.000000,20.000000,21.000000,22.000000,23.000000,24.000000,25.000000,25.999999,26.999725,27.948291,25.176513,-14.696511,-1.427237,-7.581993,-0.206503,-0.001659,-0.000006,-0.000000,-0.000000,-0.000000,0.000000,0.000000,0.000000,0.000000,0.000000,0.000000,0.000000,0.000000,0.000000,0.000000,0.000000,0.000000,0.000000,0.000000,-0.000000,-0.000000,-0.000000,-0.000156,-0.041248,-5.105569,-182.482539
-68.038236,0.000000,1.000000,1.836534,2.997702,3.999987,5.000000,6.000000,7.000000,8.000000,9.000000,10.000000,11.000000,12.000000,13.000000,14.000000,15.000000,16.000000,17.000000,18.000000,19.000000,20.000000,21.000000,22.000000,23.000000,24.000000,25.000000,25.999999,26.999681,27.943000,24.992175,-14.439357,-1.494678,-7.750294,-0.222026,-0.001875,-0.000007,-0.000000,-0.000000,-0.000000,0.000000,0.000000,0.000000,0.000000,0.000000,0.000000,0.000000,0.000000,0.000000,0.000000,0.000000,0.000000,0.000000,0.000000,-0.000000,-0.000000,-0.000000,-0.000185,-0.046615,-5.486219,-186.161945
-69.215313,0.000000,1.000000,1.828700,2.997472,3.999985,5.000000,6.000000,7.000000,8.000000,9.000000,10.000000,11.000000,12.000000,13.000000,14.000000,15.000000,16.000000,17.000000,18.000000,19.000000,20.000000,21.000000,22.000000,23.000000,24.000000,25.000000,25.999999,26.999631,27.937319,24.804189,-14.176965,-1.563312,-7.917067,-0.238280,-0.002113,-0.000009,-0.000000,-0.000000,-0.000000,0.000000,0.000000,0.000000,0.000000,0.000000,0.000000,0.000000,0.000000,0.000000,0.000000,0.000000,0.000000,0.000000,0.000000,-0.000000,-0.000000,-0.000001,-0.000220,-0.052521,-5.884395,-189.778686
-70.358969,0.000000,1.000000,1.820700,2.997226,3.999983,5.000000,6.000000,7.000000,8.000000,9.000000,10.000000,11.000000,12.000000,13.000000,14.000000,15.000000,16.000000,17.000000,18.000000,19.000000,20.000000,21.000000,22.000000,23.000000,24.000000,25.000000,25.999999,26.999576,27.931231,24.612618,-13.909413,-1.633107,-8.082279,-0.255278,-0.002374,-0.000010,-0.000000,-0.000000,-0.000000,0.000000,0.000000,0.000000,0.000000,0.000000,0.000000,0.000000,0.000000,0.000000,0.000000,0.000000,0.000000,0.000000,0.000000,-0.000000,-0.000000,-0.000001,-0.000259,-0.059005,-6.300380,-193.331556
-71.468578,0.000000,1.000000,1.812535,2.996962,3.999980,5.000000,6.000000,7.000000,8.000000,9.000000,10.000000,11.000000,12.000000,13.000000,14.000000,15.000000,16.000000,17.000000,18.000000,19.000000,20.000000,21.000000,22.000000,23.000000,24.000000,25.000000,25.999998,26.999513,27.924718,24.417526,-13.636781,-1.704029,-8.245901,-0.273033,-0.002661,-0.000012,-0.000000,-0.000000,-0.000000,0.000000,0.000000,0.000000,0.000000,0.000000,0.000000,0.000000,0.000000,0.000000,0.000000,0.000000,0.000000,0.000000,0.000000,-0.000000,-0.000000,-0.000001,-0.000304,-0.066106,-6.734446,-196.819375
-72.543523,0.000000,1.000000,1.804208,2.996680,3.999978,5.000000,6.000000,7.000000,8.000000,9.000000,10.000000,11.000000,12.000000,13.000000,14.000000,15.000000,16.000000,17.000000,18.000000,19.000000,20.000000,21.000000,22.000000,23.000000,24.000000,25.000000,25.999998,26.999444,27.917762,24.218980,-13.359150,-1.776043,-8.407901,-0.291559,-0.002974,-0.000014,-0.000000,-0.000000,-0.000000,0.000000,0.000000,0.000000,0.000000,0.000000,0.000000,0.000000,0.000000,0.000000,0.000000,0.000000,0.000000,0.000000,0.000000,-0.000000,-0.000000,-0.000001,-0.000355,-0.073867,-7.186857,-200.240985
-73.583202,0.000000,1.000000,1.795719,2.996379,3.999974,5.000000,6.000000,7.000000,8.000000,9.000000,10.000000,11.000000,12.000000,13.000000,14.000000,15.000000,16.000000,17.000000,18.000000,19.000000,20.000000,21.000000,22.000000,23.000000,24.000000,25.000000,25.999998,26.999366,27.910344,24.017045,-13.076602,-1.849115,-8.568249,-0.310868,-0.003316,-0.000017,-0.000000,-0.000000,-0.000000,0.000000,0.000000,0.000000,0.000000,0.000000,0.000000,0.000000,0.000000,0.000000,0.000000,0.000000,0.000000,0.000000,-0.000000,-0.000000,-0.000000,-0.000001,-0.000414,-0.082332,-7.657864,-203.595250
-74.587023,0.000000,1.000000,1.787071,2.996058,3.999971,5.000000,6.000000,7.000000,8.000000,9.000000,10.000000,11.000000,12.000000,13.000000,14.000000,15.000000,16.000000,17.000000,18.000000,19.000000,20.000000,21.000000,22.000000,23.000000,24.000000,25.000000,25.999997,26.999279,27.902446,23.811790,-12.789222,-1.923208,-8.726914,-0.330972,-0.003688,-0.000019,-0.000000,-0.000000,-0.000000,0.000000,0.000000,0.000000,0.000000,0.000000,0.000000,0.000000,0.000000,0.000000,0.000000,0.000000,0.000000,0.000000,-0.000000,-0.000000,-0.000000,-0.000001,-0.000481,-0.091546,-8.147710,-206.881060
-75.554408,0.000000,1.000000,1.778266,2.995717,3.999967,5.000000,6.000000,7.000000,8.000000,9.000000,10.000000,11.000000,12.000000,13.000000,14.000000,15.000000,16.000000,17.000000,18.000000,19.000000,20.000000,21.000000,22.000000,23.000000,24.000000,25.000000,25.999997,26.999183,27.894049,23.603283,-12.497095,-1.998288,-8.883866,-0.351883,-0.004093,-0.000022,-0.000000,-0.000000,-0.000000,0.000000,0.000000,0.000000,0.000000,0.000000,0.000000,0.000000,0.000000,0.000000,0.000000,0.000000,0.000000,0.000000,-0.000000,-0.000000,-0.000000,-0.000002,-0.000557,-0.101555,-8.656626,-210.097327
-76.484788,0.000000,1.000000,1.769304,2.995354,3.999963,5.000000,6.000000,7.000000,8.000000,9.000000,10.000000,11.000000,12.000000,13.000000,14.000000,15.000000,16.000000,17.000000,18.000000,19.000000,20.000000,21.000000,22.000000,23.000000,24.000000,25.000000,25.999996,26.999076,27.885133,23.391595,-12.200308,-2.074316,-9.039077,-0.373612,-0.004532,-0.000026,-0.000000,-0.000000,-0.000000,0.000000,0.000000,0.000000,0.000000,0.000000,0.000000,0.000000,0.000000,0.000000,0.000000,0.000000,0.000000,0.000000,-0.000000,-0.000000,-0.000000,-0.000002,-0.000644,-0.112410,-9.184834,-213.242989
-77.377609,0.000000,1.000000,1.760188,2.994970,3.999958,5.000000,6.000000,7.000000,8.000000,9.000000,10.000000,11.000000,12.000000,13.000000,14.000000,15.000000,16.000000,17.000000,18.000000,19.000000,20.000000,21.000000,22.000000,23.000000,24.000000,25.000000,25.999995,26.998958,27.875679,23.176797,-11.898948,-2.151256,-9.192517,-0.396171,-0.005007,-0.000030,-0.000000,-0.000000,-0.000000,0.000000,0.000000,0.000000,0.000000,0.000000,0.000000,0.000000,0.000000,0.000000,0.000000,0.000000,0.000000,0.000000,-0.000000,-0.000000,-0.000000,-0.000003,-0.000741,-0.124160,-9.732542,-216.317007
-78.232329,0.000000,1.000000,1.750919,2.994562,3.999953,5.000000,6.000000,7.000000,8.000000,9.000000,10.000000,11.000000,12.000000,13.000000,14.000000,15.000000,16.000000,17.000000,18.000000,19.000000,20.000000,21.000000,22.000000,23.000000,24.000000,25.000000,25.999995,26.998827,27.865668,22.958961,-11.593106,-2.229070,-9.344158,-0.419570,-0.005521,-0.000034,-0.000000,-0.000000,-0.000000,0.000000,0.000000,0.000000,0.000000,0.000000,0.000000,0.000000,0.000000,0.000000,0.000000,0.000000,0.000000,0.000000,-0.000000,-0.000000,-0.000000,-0.000003,-0.000850,-0.136859,-10.299951,-219.318368
-79.048420,0.000000,1.000000,1.741499,2.994130,3.999947,5.000000,6.000000,7.000000,8.000000,9.000000,10.000000,11.000000,12.000000,13.000000,14.000000,15.000000,16.000000,17.000000,18.000000,19.000000,20.000000,21.000000,22.000000,23.000000,24.000000,25.000000,25.999994,26.998684,27.855079,22.738161,-11.282872,-2.307720,-9.493972,-0.443821,-0.006076,-0.000039,-0.000000,-0.000000,-0.000000,0.000000,0.000000,0.000000,0.000000,0.000000,0.000000,0.000000,0.000000,0.000000,0.000000,0.000000,0.000000,0.000000,-0.000000,-0.000000,-0.000000,-0.000004,-0.000973,-0.150559,-10.887249,-222.246085
-79.825363,0.000000,1.000000,1.731931,2.993674,3.999941,5.000000,6.000000,7.000000,8.000000,9.000000,10.000000,11.000000,12.000000,13.000000,14.000000,15.000000,16.000000,17.000000,18.000000,19.000000,20.000000,21.000000,22.000000,23.000000,24.000000,25.000000,25.999993,26.998526,27.843893,22.514469,-10.968338,-2.387166,-9.641931,-0.468933,-0.006674,-0.000045,-0.000000,-0.000000,-0.000000,-0.000000,0.000000,0.000000,0.000000,0.000000,0.000000,0.000000,0.000000,0.000000,0.000000,0.000000,0.000000,0.000000,-0.000000,-0.000000,-0.000000,-0.000004,-0.001111,-0.165318,-11.494611,-225.099197
-80.562657,0.000000,1.000000,1.722215,2.993193,3.999934,5.000000,6.000000,7.000000,8.000000,9.000000,10.000000,11.000000,12.000000,13.000000,14.000000,15.000000,16.000000,17.000000,18.000000,19.000000,20.000000,21.000000,22.000000,23.000000,24.000000,25.000000,25.999991,26.998353,27.832090,22.287963,-10.649597,-2.467369,-9.788009,-0.494917,-0.007318,-0.000051,-0.000000,-0.000000,-0.000000,-0.000000,0.000000,0.000000,0.000000,0.000000,0.000000,0.000000,0.000000,0.000000,0.000000,0.000000,0.000000,0.000000,-0.000000,-0.000000,-0.000000,-0.000005,-0.001265,-0.181193,-12.122204,-227.876769
-81.259812,0.000000,1.000000,1.712355,2.992684,3.999926,5.000000,6.000000,7.000000,8.000000,9.000000,10.000000,11.000000,12.000000,13.000000,14.000000,15.000000,16.000000,17.000000,18.000000,19.000000,20.000000,21.000000,22.000000,23.000000,24.000000,25.000000,25.999990,26.998164,27.819649,22.058716,-10.326744,-2.548290,-9.932179,-0.521780,-0.008009,-0.000058,-0.000000,-0.000000,-0.000000,-0.000000,0.000000,0.000000,0.000000,0.000000,0.000000,0.000000,0.000000,0.000000,0.000000,0.000000,0.000000,0.000000,-0.000000,-0.000000,-0.000000,-0.000006,-0.001437,-0.198244,-12.770181,-230.577890
-81.916351,0.000000,1.000000,1.702351,2.992149,3.999918,5.000000,6.000000,7.000000,8.000000,9.000000,10.000000,11.000000,12.000000,13.000000,14.000000,15.000000,16.000000,17.000000,18.000000,19.000000,20.000000,21.000000,22.000000,23.000000,24.000000,25.000000,25.999989,26.997957,27.806549,21.826807,-9.999874,-2.629888,-10.074415,-0.549534,-0.008751,-0.000066,-0.000000,-0.000000,-0.000000,-0.000000,0.000000,0.000000,0.000000,0.000000,0.000000,0.000000,0.000000,0.000000,0.000000,0.000000,0.000000,0.000000,-0.000000,-0.000000,-0.000000,-0.000007,-0.001628,-0.216531,-13.438685,-233.201681
-82.531813,0.000000,1.000000,1.692206,2.991585,3.999909,4.999999,6.000000,7.000000,8.000000,9.000000,10.000000,11.000000,12.000000,13.000000,14.000000,15.000000,16.000000,17.000000,18.000000,19.000000,20.000000,21.000000,22.000000,23.000000,24.000000,25.000000,25.999987,26.997731,27.792771,21.592313,-9.669084,-2.712122,-10.214690,-0.578186,-0.009547,-0.000074,-0.000000,-0.000000,-0.000000,-0.000000,0.000000,0.000000,0.000000,0.000000,0.000000,0.000000,0.000000,0.000000,0.000000,0.000000,0.000000,0.000000,-0.000000,-0.000000,-0.000000,-0.000008,-0.001841,-0.236119,-14.127845,-235.747285
-83.105747,0.000000,1.000000,1.681922,2.990993,3.999899,4.999999,6.000000,7.000000,8.000000,9.000000,10.000000,11.000000,12.000000,13.000000,14.000000,15.000000,16.000000,17.000000,18.000000,19.000000,20.000000,21.000000,22.000000,23.000000,24.000000,25.000000,25.999985,26.997485,27.778294,21.355313,-9.334472,-2.794950,-10.352980,-0.607745,-0.010398,-0.000084,-0.000000,-0.000000,-0.000000,-0.000000,0.000000,0.000000,0.000000,0.000000,0.000000,0.000000,0.000000,0.000000,0.000000,0.000000,0.000000,0.000000,-0.000000,-0.000000,-0.000000,-0.000010,-0.002077,-0.257073,-14.837781,-238.213875
-83.637721,0.000000,1.000000,1.671500,2.990370,3.999888,4.999999,6.000000,7.000000,8.000000,9.000000,10.000000,11.000000,12.000000,13.000000,14.000000,15.000000,16.000000,17.000000,18.000000,19.000000,20.000000,21.000000,22.000000,23.000000,24.000000,25.000000,25.999983,26.997217,27.763096,21.115885,-8.996137,-2.878332,-10.489260,-0.638219,-0.011308,-0.000094,-0.000000,-0.000000,-0.000000,-0.000000,0.000000,0.000000,0.000000,0.000000,0.000000,0.000000,0.000000,0.000000,0.000000,0.000000,0.000000,0.000000,-0.000000,-0.000000,-0.000000,-0.000011,-0.002338,-0.279458,-15.568600,-240.600653
-84.127312,0.000000,1.000000,1.660943,2.989716,3.999876,4.999999,6.000000,7.000000,8.000000,9.000000,10.000000,11.000000,12.000000,13.000000,14.000000,15.000000,16.000000,17.000000,18.000000,19.000000,20.000000,21.000000,22.000000,23.000000,24.000000,25.000000,25.999980,26.996926,27.747156,20.874112,-8.654179,-2.962225,-10.623506,-0.669615,-0.012279,-0.000106,-0.000001,-0.000000,-0.000000,-0.000000,0.000000,0.000000,0.000000,0.000000,0.000000,0.000000,0.000000,0.000000,0.000000,0.000000,0.000000,0.000000,-0.000000,-0.000000,-0.000000,-0.000013,-0.002627,-0.303344,-16.320396,-242.906845
-84.574115,0.000000,1.000000,1.650253,2.989031,3.999863,4.999999,6.000000,7.000000,8.000000,9.000000,10.000000,11.000000,12.000000,13.000000,14.000000,15.000000,16.000000,17.000000,18.000000,19.000000,20.000000,21.000000,22.000000,23.000000,24.000000,25.000000,25.999977,26.996610,27.730455,20.630072,-8.308699,-3.046586,-10.755694,-0.701942,-0.013315,-0.000119,-0.000001,-0.000000,-0.000000,-0.000000,0.000000,0.000000,0.000000,0.000000,0.000000,0.000000,0.000000,0.000000,0.000000,0.000000,0.000000,0.000000,-0.000000,-0.000000,-0.000000,-0.000015,-0.002945,-0.328801,-17.093252,-245.131709
-84.977738,0.000000,1.000000,1.639432,2.988312,3.999849,4.999999,6.000000,7.000000,8.000000,9.000000,10.000000,11.000000,12.000000,13.000000,14.000000,15.000000,16.000000,17.000000,18.000000,19.000000,20.000000,21.000000,22.000000,23.000000,24.000000,25.000000,25.999974,26.996268,27.712970,20.383848,-7.959798,-3.131372,-10.885801,-0.735204,-0.014418,-0.000133,-0.000001,-0.000000,-0.000000,-0.000000,0.000000,0.000000,0.000000,0.000000,0.000000,0.000000,0.000000,0.000000,0.000000,0.000000,0.000000,0.000000,-0.000000,-0.000000,-0.000000,-0.000018,-0.003296,-0.355902,-17.887239,-247.274530
-85.337804,0.000000,1.000000,1.628481,2.987560,3.999834,4.999999,6.000000,7.000000,8.000000,9.000000,10.000000,11.000000,12.000000,13.000000,14.000000,15.000000,16.000000,17.000000,18.000000,19.000000,20.000000,21.000000,22.000000,23.000000,24.000000,25.000000,25.999971,26.995898,27.694680,20.135523,-7.607579,-3.216540,-11.013805,-0.769410,-0.015592,-0.000148,-0.000001,-0.000000,-0.000000,-0.000000,0.000000,0.000000,0.000000,0.000000,0.000000,0.000000,0.000000,0.000000,0.000000,0.000000,0.000000,0.000000,-0.000000,-0.000000,-0.000000,-0.000020,-0.003681,-0.384720,-18.702414,-249.334621
-85.653950,0.000000,1.000000,1.617404,2.986773,3.999818,4.999999,6.000000,7.000000,8.000000,9.000000,10.000000,11.000000,12.000000,13.000000,14.000000,15.000000,16.000000,17.000000,18.000000,19.000000,20.000000,21.000000,22.000000,23.000000,24.000000,25.000000,25.999967,26.995499,27.675565,19.885179,-7.252147,-3.302046,-11.139682,-0.804565,-0.016840,-0.000165,-0.000001,-0.000000,-0.000000,-0.000000,0.000000,0.000000,0.000000,0.000000,0.000000,0.000000,0.000000,0.000000,0.000000,0.000000,0.000000,0.000000,-0.000000,-0.000000,-0.000000,-0.000023,-0.004104,-0.415331,-19.538823,-251.311326
-85.925828,0.000000,1.000000,1.606202,2.985951,3.999801,4.999998,6.000000,7.000000,8.000000,9.000000,10.000000,11.000000,12.000000,13.000000,14.000000,15.000000,16.000000,17.000000,18.000000,19.000000,20.000000,21.000000,22.000000,23.000000,24.000000,25.000000,25.999963,26.995067,27.655603,19.632901,-6.893606,-3.387847,-11.263412,-0.840675,-0.018165,-0.000184,-0.000001,-0.000000,-0.000000,-0.000000,0.000000,0.000000,0.000000,0.000000,0.000000,0.000000,0.000000,0.000000,0.000000,0.000000,0.000000,0.000000,-0.000000,-0.000000,-0.000000,-0.000027,-0.004568,-0.447814,-20.396501,-253.204016
-86.153105,0.000000,1.000000,1.594877,2.985092,3.999782,4.999998,6.000000,7.000000,8.000000,9.000000,10.000000,11.000000,12.000000,13.000000,14.000000,15.000000,16.000000,17.000000,18.000000,19.000000,20.000000,21.000000,22.000000,23.000000,24.000000,25.000000,25.999958,26.994603,27.634772,19.378771,-6.532062,-3.473897,-11.384973,-0.877745,-0.019571,-0.000205,-0.000001,-0.000000,-0.000000,-0.000000,0.000000,0.000000,0.000000,0.000000,0.000000,0.000000,0.000000,0.000000,0.000000,0.000000,0.000000,0.000000,-0.000000,-0.000000,-0.000000,-0.000031,-0.005076,-0.482246,-21.275468,-255.012094
-86.335465,0.000000,1.000000,1.583432,2.984196,3.999761,4.999998,6.000000,7.000000,8.000000,9.000000,10.000000,11.000000,12.000000,13.000000,14.000000,15.000000,16.000000,17.000000,18.000000,19.000000,20.000000,21.000000,22.000000,23.000000,24.000000,25.000000,25.999952,26.994103,27.613052,19.122877,-6.167621,-3.560152,-11.504344,-0.915780,-0.021060,-0.000227,-0.000001,-0.000000,-0.000000,-0.000000,0.000000,0.000000,0.000000,0.000000,0.000000,0.000000,0.000000,0.000000,0.000000,0.000000,0.000000,0.000000,-0.000000,-0.000000,-0.000000,-0.000035,-0.005631,-0.518709,-22.175732,-256.734990
-86.472603,0.000000,1.000000,1.571869,2.983261,3.999740,4.999998,6.000000,7.000000,8.000000,9.000000,10.000000,11.000000,12.000000,13.000000,14.000000,15.000000,16.000000,17.000000,18.000000,19.000000,20.000000,21.000000,22.000000,23.000000,24.000000,25.000000,25.999947,26.993565,27.590421,18.865302,-5.800389,-3.646567,-11.621507,-0.954784,-0.022637,-0.000252,-0.000002,-0.000000,-0.000000,-0.000000,0.000000,0.000000,0.000000,0.000000,0.000000,0.000000,0.000000,0.000000,0.000000,0.000000,0.000000,0.000000,-0.000000,-0.000000,-0.000000,-0.000040,-0.006237,-0.557287,-23.097289,-258.372166
-86.564233,0.000000,1.000000,1.560189,2.982286,3.999716,4.999998,6.000000,7.000000,8.000000,9.000000,10.000000,11.000000,12.000000,13.000000,14.000000,15.000000,16.000000,17.000000,18.000000,19.000000,20.000000,21.000000,22.000000,23.000000,24.000000,25.000000,25.999940,26.992988,27.566857,18.606132,-5.430476,-3.733096,-11.736440,-0.994762,-0.024304,-0.000278,-0.000002,-0.000000,-0.000000,-0.000000,0.000000,0.000000,0.000000,0.000000,0.000000,0.000000,0.000000,0.000000,0.000000,0.000000,0.000000,0.000000,-0.000000,-0.000000,-0.000000,-0.000046,-0.006897,-0.598062,-24.040124,-259.923112
-86.610083,0.000000,1.000000,1.548396,2.981271,3.999691,4.999997,6.000000,7.000000,8.000000,9.000000,10.000000,11.000000,12.000000,13.000000,14.000000,15.000000,16.000000,17.000000,18.000000,19.000000,20.000000,21.000000,22.000000,23.000000,24.000000,25.000000,25.999933,26.992369,27.542340,18.345455,-5.057988,-3.819694,-11.849125,-1.035718,-0.026066,-0.000307,-0.000002,-0.000000,-0.000000,-0.000000,0.000000,0.000000,0.000000,0.000000,0.000000,0.000000,0.000000,0.000000,0.000000,0.000000,0.000000,0.000000,-0.000000,-0.000000,-0.000000,-0.000052,-0.007615,-0.641123,-25.004205,-261.387350
-86.609896,0.000000,1.000000,1.536491,2.980215,3.999664,4.999997,6.000000,7.000000,8.000000,9.000000,10.000000,11.000000,12.000000,13.000000,14.000000,15.000000,16.000000,17.000000,18.000000,19.000000,20.000000,21.000000,22.000000,23.000000,24.000000,25.000000,25.999925,26.991706,27.516849,18.083358,-4.683037,-3.906315,-11.959544,-1.077653,-0.027927,-0.000339,-0.000002,-0.000000,-0.000000,-0.000000,0.000000,0.000000,0.000000,0.000000,0.000000,0.000000,0.000000,0.000000,0.000000,0.000000,0.000000,0.000000,-0.000000,-0.000000,-0.000000,-0.000059,-0.008396,-0.686556,-25.989491,-262.764432
-86.563431,0.000000,1.000000,1.524477,2.979116,3.999635,4.999997,6.000000,7.000000,8.000000,9.000000,10.000000,11.000000,12.000000,13.000000,14.000000,15.000000,16.000000,17.000000,18.000000,19.000000,20.000000,21.000000,22.000000,23.000000,24.000000,25.000000,25.999916,26.990996,27.490361,17.819927,-4.305731,-3.992913,-12.067679,-1.120572,-0.029890,-0.000373,-0.000003,-0.000000,-0.000000,-0.000000,0.000000,0.000000,0.000000,0.000000,0.000000,0.000000,0.000000,0.000000,0.000000,0.000000,0.000000,-0.000000,-0.000000,-0.000000,-0.000000,-0.000067,-0.009244,-0.734451,-26.995928,-264.053939
-86.470463,0.000000,1.000000,1.512356,2.977973,3.999604,4.999996,6.000000,7.000000,8.000000,9.000000,10.000000,11.000000,12.000000,13.000000,14.000000,15.000000,16.000000,17.000000,18.000000,19.000000,20.000000,21.000000,22.000000,23.000000,24.000000,24.999999,25.999906,26.990237,27.462857,17.555250,-3.926181,-4.079441,-12.173512,-1.164477,-0.031959,-0.000411,-0.000003,-0.000000,-0.000000,-0.000000,0.000000,0.000000,0.000000,0.000000,0.000000,0.000000,0.000000,0.000000,0.000000,0.000000,0.000000,-0.000000,-0.000000,-0.000000,-0.000000,-0.000076,-0.010163,-0.784899,-28.023448,-265.255484
-86.330783,0.000000,1.000000,1.500130,2.976787,3.999571,4.999996,6.000000,7.000000,8.000000,9.000000,10.000000,11.000000,12.000000,13.000000,14.000000,15.000000,16.000000,17.000000,18.000000,19.000000,20.000000,21.000000,22.000000,23.000000,24.000000,24.999999,25.999896,26.989426,27.434314,17.289416,-3.544498,-4.165853,-12.277027,-1.209370,-0.034138,-0.000451,-0.000003,-0.000000,-0.000000,-0.000000,0.000000,0.000000,0.000000,0.000000,0.000000,0.000000,0.000000,0.000000,0.000000,0.000000,0.000000,-0.000000,-0.000000,-0.000000,-0.000000,-0.000085,-0.011159,-0.837994,-29.071971,-266.368711
-86.144196,0.000000,1.000000,1.487801,2.975555,3.999536,4.999995,6.000000,7.000000,8.000000,9.000000,10.000000,11.000000,12.000000,13.000000,14.000000,15.000000,16.000000,17.000000,18.000000,19.000000,20.000000,21.000000,22.000000,23.000000,24.000000,24.999999,25.999884,26.988561,27.404713,17.022513,-3.160794,-4.252101,-12.378207,-1.255251,-0.036431,-0.000495,-0.000004,-0.000000,-0.000000,-0.000000,0.000000,0.000000,0.000000,0.000000,0.000000,0.000000,0.000000,0.000000,0.000000,0.000000,0.000000,-0.000000,-0.000000,-0.000000,-0.000000,-0.000096,-0.012236,-0.893828,-30.141402,-267.393295
-85.910525,0.000000,1.000000,1.475373,2.974276,3.999498,4.999995,6.000000,7.000000,8.000000,9.000000,10.000000,11.000000,12.000000,13.000000,14.000000,15.000000,16.000000,17.000000,18.000000,19.000000,20.000000,21.000000,22.000000,23.000000,24.000000,24.999999,25.999871,26.987639,27.374032,16.754629,-2.775180,-4.338140,-12.477036,-1.302124,-0.038842,-0.000542,-0.000004,-0.000000,-0.000000,-0.000000,0.000000,0.000000,0.000000,0.000000,0.000000,0.000000,0.000000,0.000000,0.000000,0.000000,0.000000,-0.000000,-0.000000,-0.000000,-0.000001,-0.000108,-0.013401,-0.952499,-31.231638,-268.328940
-85.629608,0.000000,1.000000,1.462847,2.972950,3.999458,4.999994,6.000000,7.000000,8.000000,9.000000,10.000000,11.000000,12.000000,13.000000,14.000000,15.000000,16.000000,17.000000,18.000000,19.000000,20.000000,21.000000,22.000000,23.000000,24.000000,24.999999,25.999857,26.986656,27.342250,16.485855,-2.387769,-4.423921,-12.573501,-1.349988,-0.041376,-0.000593,-0.000005,-0.000000,-0.000000,-0.000000,0.000000,0.000000,0.000000,0.000000,0.000000,0.000000,0.000000,0.000000,0.000000,0.000000,0.000000,-0.000000,-0.000000,-0.000000,-0.000001,-0.000122,-0.014657,-1.014104,-32.342558,-269.175384
-85.301299,0.000000,1.000000,1.450226,2.971576,3.999416,4.999994,6.000000,7.000000,8.000000,9.000000,10.000000,11.000000,12.000000,13.000000,14.000000,15.000000,16.000000,17.000000,18.000000,19.000000,20.000000,21.000000,22.000000,23.000000,24.000000,24.999999,25.999842,26.985610,27.309347,16.216279,-1.998675,-4.509398,-12.667585,-1.398843,-0.044036,-0.000648,-0.000006,-0.000000,-0.000000,-0.000000,0.000000,0.000000,0.000000,0.000000,0.000000,0.000000,0.000000,0.000000,0.000000,0.000000,0.000000,-0.000000,-0.000000,-0.000000,-0.000001,-0.000137,-0.016013,-1.078741,-33.474032,-269.932394
-84.925468,0.000000,1.000000,1.437512,2.970153,3.999370,4.999993,6.000000,7.000000,8.000000,9.000000,10.000000,11.000000,12.000000,13.000000,14.000000,15.000000,16.000000,17.000000,18.000000,19.000000,20.000000,21.000000,22.000000,23.000000,24.000000,24.999999,25.999825,26.984499,27.275302,15.945990,-1.608010,-4.594523,-12.759276,-1.448690,-0.046828,-0.000707,-0.000006,-0.000000,-0.000000,-0.000000,0.000000,0.000000,0.000000,0.000000,0.000000,0.000000,0.000000,0.000000,0.000000,0.000000,0.000000,-0.000000,-0.000000,-0.000000,-0.000001,-0.000153,-0.017472,-1.146510,-34.625916,-270.599769
-84.502001,0.000000,1.000000,1.424708,2.968679,3.999322,4.999992,6.000000,7.000000,8.000000,9.000000,10.000000,11.000000,12.000000,13.000000,14.000000,15.000000,16.000000,17.000000,18.000000,19.000000,20.000000,21.000000,22.000000,23.000000,24.000000,24.999999,25.999807,26.983317,27.240095,15.675079,-1.215889,-4.679248,-12.848560,-1.499527,-0.049755,-0.000771,-0.000007,-0.000000,-0.000000,-0.000000,0.000000,0.000000,0.000000,0.000000,0.000000,0.000000,0.000000,0.000000,0.000000,0.000000,0.000000,-0.000000,-0.000000,-0.000000,-0.000001,-0.000171,-0.019043,-1.217515,-35.798052,-271.177339
-84.030800,0.000000,1.000000,1.411815,2.967154,3.999271,4.999991,6.000000,7.000000,8.000000,9.000000,10.000000,11.000000,12.000000,13.000000,14.000000,15.000000,16.000000,17.000000,18.000000,19.000000,20.000000,21.000000,22.000000,23.000000,24.000000,24.999998,25.999787,26.982064,27.203706,15.403635,-0.822424,-4.763526,-12.935424,-1.551355,-0.052823,-0.000840,-0.000008,-0.000000,-0.000000,-0.000000,0.000000,0.000000,0.000000,0.000000,0.000000,0.000000,0.000000,0.000000,0.000000,0.000000,0.000000,-0.000000,-0.000000,-0.000000,-0.000001,-0.000191,-0.020732,-1.291857,-36.990271,-271.664967
-83.511784,0.000000,1.000000,1.398837,2.965576,3.999216,4.999991,6.000000,7.000000,8.000000,9.000000,10.000000,11.000000,12.000000,13.000000,14.000000,15.000000,16.000000,17.000000,18.000000,19.000000,20.000000,21.000000,22.000000,23.000000,24.000000,24.999998,25.999765,26.980734,27.166114,15.131749,-0.427731,-4.847309,-13.019855,-1.604171,-0.056035,-0.000914,-0.000009,-0.000000,-0.000000,-0.000000,0.000000,0.000000,0.000000,0.000000,0.000000,0.000000,0.000000,0.000000,0.000000,0.000000,0.000000,-0.000000,-0.000000,-0.000000,-0.000001,-0.000213,-0.022546,-1.369642,-38.202391,-272.062545
-82.944889,0.000000,1.000000,1.385775,2.963945,3.999159,4.999990,6.000000,7.000000,8.000000,9.000000,10.000000,11.000000,12.000000,13.000000,14.000000,15.000000,16.000000,17.000000,18.000000,19.000000,20.000000,21.000000,22.000000,23.000000,24.000000,24.999998,25.999742,26.979324,27.127301,14.859510,-0.031924,-4.930549,-13.101843,-1.657975,-0.059396,-0.000993,-0.000010,-0.000000,-0.000000,-0.000000,0.000000,0.000000,0.000000,0.000000,0.000000,0.000000,0.000000,0.000000,0.000000,0.000000,0.000000,-0.000000,-0.000000,-0.000000,-0.000001,-0.000237,-0.024492,-1.450975,-39.434217,-272.369998
-82.330064,0.000000,1.000000,1.372633,2.962260,3.999098,4.999989,6.000000,7.000000,8.000000,9.000000,10.000000,11.000000,12.000000,13.000000,14.000000,15.000000,16.000000,17.000000,18.000000,19.000000,20.000000,21.000000,22.000000,23.000000,24.000000,24.999998,25.999716,26.977832,27.087246,14.587009,0.364882,-5.013198,-13.181377,-1.712763,-0.062911,-0.001078,-0.000011,-0.000000,-0.000000,-0.000000,0.000000,0.000000,0.000000,0.000000,0.000000,0.000000,0.000000,0.000000,0.000000,0.000000,0.000000,-0.000000,-0.000000,-0.000000,-0.000002,-0.000264,-0.026578,-1.535964,-40.685542,-272.587282
-81.667277,0.000000,1.000000,1.359413,2.960520,3.999033,4.999987,6.000000,7.000000,8.000000,9.000000,10.000000,11.000000,12.000000,13.000000,14.000000,15.000000,16.000000,17.000000,18.000000,19.000000,20.000000,21.000000,22.000000,23.000000,24.000000,24.999997,25.999689,26.976252,27.045930,14.314336,0.762573,-5.095208,-13.258445,-1.768533,-0.066585,-0.001169,-0.000012,-0.000000,-0.000000,-0.000000,-0.000000,0.000000,0.000000,0.000000,0.000000,0.000000,0.000000,0.000000,0.000000,0.000000,0.000000,-0.000000,-0.000000,-0.000000,-0.000002,-0.000293,-0.028813,-1.624716,-41.956144,-272.714384
-80.956511,0.000000,1.000000,1.346116,2.958723,3.998964,4.999986,6.000000,7.000000,8.000000,9.000000,10.000000,11.000000,12.000000,13.000000,14.000000,15.000000,16.000000,17.000000,18.000000,19.000000,20.000000,21.000000,22.000000,23.000000,24.000000,24.999997,25.999659,26.974582,27.003334,14.041580,1.161034,-5.176531,-13.333038,-1.825281,-0.070423,-0.001266,-0.000013,-0.000000,-0.000000,-0.000000,-0.000000,0.000000,0.000000,0.000000,0.000000,0.000000,0.000000,0.000000,0.000000,0.000000,0.000000,-0.000000,-0.000000,-0.000000,-0.000002,-0.000325,-0.031204,-1.717341,-43.245793,-272.751323
-80.197768,0.000000,1.000000,1.332747,2.956869,3.998892,4.999985,6.000000,7.000000,8.000000,9.000000,10.000000,11.000000,12.000000,13.000000,14.000000,15.000000,16.000000,17.000000,18.000000,19.000000,20.000000,21.000000,22.000000,23.000000,24.000000,24.999997,25.999626,26.972818,26.959438,13.768833,1.560148,-5.257120,-13.405147,-1.883006,-0.074429,-0.001370,-0.000015,-0.000000,-0.000000,-0.000000,-0.000000,0.000000,0.000000,0.000000,0.000000,0.000000,0.000000,0.000000,0.000000,0.000000,0.000000,-0.000000,-0.000000,-0.000000,-0.000002,-0.000360,-0.033760,-1.813951,-44.554242,-272.698150
-79.391062,0.000000,1.000000,1.319306,2.954957,3.998816,4.999983,6.000000,7.000000,8.000000,9.000000,10.000000,11.000000,12.000000,13.000000,14.000000,15.000000,16.000000,17.000000,18.000000,19.000000,20.000000,21.000000,22.000000,23.000000,24.000000,24.999996,25.999591,26.970954,26.914225,13.496184,1.959802,-5.336926,-13.474763,-1.941701,-0.078609,-0.001482,-0.000016,-0.000000,-0.000000,-0.000000,-0.000000,0.000000,0.000000,0.000000,0.000000,0.000000,0.000000,0.000000,0.000000,0.000000,0.000000,-0.000000,-0.000000,-0.000000,-0.000003,-0.000399,-0.036492,-1.914656,-45.881235,-272.554947
-78.536426,0.000000,1.000000,1.305797,2.952986,3.998735,4.999982,6.000000,7.000000,8.000000,9.000000,10.000000,11.000000,12.000000,13.000000,14.000000,15.000000,16.000000,17.000000,18.000000,19.000000,20.000000,21.000000,22.000000,23.000000,24.000000,24.999996,25.999553,26.968988,26.867676,13.223723,2.359880,-5.415901,-13.541878,-2.001364,-0.082967,-0.001601,-0.000018,-0.000000,-0.000000,-0.000000,-0.000000,0.000000,0.000000,0.000000,0.000000,0.000000,0.000000,0.000000,0.000000,0.000000,0.000000,-0.000000,-0.000000,-0.000000,-0.000003,-0.000440,-0.039407,-2.019569,-47.226501,-272.321826
-77.633910,0.000000,1.000000,1.292222,2.950954,3.998650,4.999980,6.000000,7.000000,8.000000,9.000000,10.000000,11.000000,12.000000,13.000000,14.000000,15.000000,16.000000,17.000000,18.000000,19.000000,20.000000,21.000000,22.000000,23.000000,24.000000,24.999996,25.999512,26.966915,26.819772,12.951540,2.760267,-5.493997,-13.606484,-2.061989,-0.087509,-0.001728,-0.000020,-0.000000,-0.000000,-0.000000,-0.000000,0.000000,0.000000,0.000000,0.000000,0.000000,0.000000,0.000000,0.000000,0.000000,0.000000,-0.000000,-0.000000,-0.000000,-0.000004,-0.000486,-0.042516,-2.128805,-48.589760,-271.998933
-76.683578,0.000000,1.000000,1.278584,2.948862,3.998560,4.999978,6.000000,7.000000,8.000000,9.000000,10.000000,11.000000,12.000000,13.000000,14.000000,15.000000,16.000000,17.000000,18.000000,19.000000,20.000000,21.000000,22.000000,23.000000,24.000000,24.999995,25.999468,26.964731,26.770497,12.679725,3.160847,-5.571168,-13.668576,-2.123571,-0.092240,-0.001863,-0.000022,-0.000000,-0.000000,-0.000000,-0.000000,0.000000,0.000000,0.000000,0.000000,0.000000,0.000000,0.000000,0.000000,0.000000,0.000000,-0.000000,-0.000000,-0.000000,-0.000004,-0.000536,-0.045830,-2.242479,-49.970716,-271.586443
-75.685511,0.000000,1.000000,1.264885,2.946707,3.998465,4.999977,6.000000,7.000000,8.000000,9.000000,10.000000,11.000000,12.000000,13.000000,14.000000,15.000000,16.000000,17.000000,18.000000,19.000000,20.000000,21.000000,22.000000,23.000000,24.000000,24.999995,25.999421,26.962430,26.719831,12.408368,3.561506,-5.647364,-13.728146,-2.186105,-0.097165,-0.002007,-0.000024,-0.000000,-0.000000,-0.000000,-0.000000,0.000000,0.000000,0.000000,0.000000,0.000000,0.000000,0.000000,0.000000,0.000000,0.000000,-0.000000,-0.000000,-0.000000,-0.000005,-0.000591,-0.049358,-2.360705,-51.369064,-271.084562
-74.639808,0.000000,1.000000,1.251128,2.944490,3.998365,4.999974,6.000000,7.000000,8.000000,9.000000,10.000000,11.000000,12.000000,13.000000,14.000000,15.000000,16.000000,17.000000,18.000000,19.000000,20.000000,21.000000,22.000000,23.000000,24.000000,24.999994,25.999370,26.960009,26.667758,12.137556,3.962128,-5.722538,-13.785189,-2.249584,-0.102289,-0.002161,-0.000026,-0.000000,-0.000000,-0.000000,-0.000000,0.000000,0.000000,0.000000,0.000000,0.000000,0.000000,0.000000,0.000000,0.000000,0.000000,-0.000000,-0.000000,-0.000000,-0.000005,-0.000650,-0.053113,-2.483600,-52.784486,-270.493530
-73.546582,0.000000,1.000000,1.237315,2.942208,3.998261,4.999972,6.000000,7.000000,8.000000,9.000000,10.000000,11.000000,12.000000,13.000000,14.000000,15.000000,16.000000,17.000000,18.000000,19.000000,20.000000,21.000000,22.000000,23.000000,24.000000,24.999993,25.999315,26.957463,26.614262,11.867380,4.362600,-5.796642,-13.839699,-2.314002,-0.107619,-0.002324,-0.000029,-0.000000,-0.000000,-0.000000,-0.000000,0.000000,0.000000,0.000000,0.000000,0.000000,0.000000,0.000000,0.000000,0.000000,0.000000,-0.000000,-0.000000,-0.000000,-0.000006,-0.000714,-0.057106,-2.611283,-54.216652,-269.813615
-72.405964,0.000000,1.000000,1.223448,2.939862,3.998150,4.999970,6.000000,7.000000,8.000000,9.000000,10.000000,11.000000,12.000000,13.000000,14.000000,15.000000,16.000000,17.000000,18.000000,19.000000,20.000000,21.000000,22.000000,23.000000,24.000000,24.999992,25.999255,26.954787,26.559325,11.597929,4.762806,-5.869630,-13.891673,-2.379352,-0.113158,-0.002497,-0.000032,-0.000000,-0.000000,-0.000000,-0.000000,0.000000,0.000000,0.000000,0.000000,0.000000,0.000000,0.000000,0.000000,0.000000,0.000000,-0.000000,-0.000000,-0.000000,-0.000006,-0.000784,-0.061348,-2.743871,-55.665219,-269.045117
-71.218099,0.000000,1.000000,1.209531,2.937449,3.998034,4.999967,6.000000,7.000000,8.000000,9.000000,10.000000,11.000000,12.000000,13.000000,14.000000,15.000000,16.000000,17.000000,18.000000,19.000000,20.000000,21.000000,22.000000,23.000000,24.000000,24.999992,25.999192,26.951975,26.502932,11.329290,5.162633,-5.941453,-13.941106,-2.445627,-0.118912,-0.002682,-0.000035,-0.000000,-0.000000,-0.000000,-0.000000,0.000000,0.000000,0.000000,0.000000,0.000000,0.000000,0.000000,0.000000,0.000000,0.000000,-0.000000,-0.000000,-0.000000,-0.000007,-0.000860,-0.065852,-2.881482,-57.129836,-268.188368
-69.983150,0.000000,1.000000,1.195566,2.934970,3.997912,4.999964,6.000000,7.000000,8.000000,9.000000,10.000000,11.000000,12.000000,13.000000,14.000000,15.000000,16.000000,17.000000,18.000000,19.000000,20.000000,21.000000,22.000000,23.000000,24.000000,24.999991,25.999124,26.949024,26.445066,11.061552,5.561965,-6.012065,-13.987996,-2.512819,-0.124888,-0.002877,-0.000038,-0.000000,-0.000000,-0.000000,-0.000000,0.000000,0.000000,0.000000,0.000000,0.000000,0.000000,0.000000,0.000000,0.000000,0.000000,-0.000000,-0.000000,-0.000000,-0.000008,-0.000943,-0.070631,-3.024236,-58.610136,-267.243728
-68.701297,0.000000,1.000000,1.181555,2.932424,3.997784,4.999961,6.000000,7.000000,8.000000,9.000000,10.000000,11.000000,12.000000,13.000000,14.000000,15.000000,16.000000,17.000000,18.000000,19.000000,20.000000,21.000000,22.000000,23.000000,24.000000,24.999990,25.999051,26.945927,26.385712,10.794803,5.960691,-6.081419,-14.032339,-2.580919,-0.131090,-0.003085,-0.000042,-0.000000,-0.000000,-0.000000,-0.000000,0.000000,0.000000,0.000000,0.000000,0.000000,0.000000,0.000000,0.000000,0.000000,0.000000,-0.000000,-0.000000,-0.000000,-0.000009,-0.001032,-0.075699,-3.172253,-60.105744,-266.211590
-67.372733,0.000000,1.000000,1.167502,2.929809,3.997650,4.999958,6.000000,7.000000,8.000000,9.000000,10.000000,11.000000,12.000000,13.000000,14.000000,15.000000,16.000000,17.000000,18.000000,19.000000,20.000000,21.000000,22.000000,23.000000,24.000000,24.999989,25.998972,26.942679,26.324854,10.529129,6.358695,-6.149467,-14.074133,-2.649920,-0.137525,-0.003305,-0.000046,-0.000000,-0.000000,-0.000000,-0.000000,0.000000,0.000000,0.000000,0.000000,0.000000,0.000000,0.000000,0.000000,0.000000,0.000000,-0.000000,-0.000000,-0.000000,-0.000010,-0.001128,-0.081069,-3.325654,-61.616272,-265.092376
-65.997669,0.000000,1.000000,1.153407,2.927124,3.997509,4.999955,5.999999,7.000000,8.000000,9.000000,10.000000,11.000000,12.000000,13.000000,14.000000,15.000000,16.000000,17.000000,18.000000,19.000000,20.000000,21.000000,22.000000,23.000000,24.000000,24.999987,25.998889,26.939275,26.262479,10.264618,6.755865,-6.216163,-14.113378,-2.719812,-0.144197,-0.003538,-0.000050,-0.000000,-0.000000,-0.000000,-0.000000,0.000000,0.000000,0.000000,0.000000,0.000000,0.000000,0.000000,0.000000,0.000000,0.000000,-0.000000,-0.000000,-0.000000,-0.000011,-0.001233,-0.086754,-3.484560,-63.141321,-263.886540
-64.576331,0.000000,1.000000,1.139275,2.924369,3.997362,4.999951,5.999999,7.000000,8.000000,9.000000,10.000000,11.000000,12.000000,13.000000,14.000000,15.000000,16.000000,17.000000,18.000000,19.000000,20.000000,21.000000,22.000000,23.000000,24.000000,24.999986,25.998799,26.935710,26.198572,10.001356,7.152089,-6.281461,-14.150072,-2.790586,-0.151113,-0.003785,-0.000055,-0.000001,-0.000000,-0.000000,-0.000000,0.000000,0.000000,0.000000,0.000000,0.000000,0.000000,0.000000,0.000000,0.000000,0.000000,-0.000000,-0.000000,-0.000000,-0.000013,-0.001346,-0.092772,-3.649091,-64.680482,-262.594562
-63.108963,0.000000,1.000000,1.125107,2.921543,3.997207,4.999947,5.999999,7.000000,8.000000,9.000000,10.000000,11.000000,12.000000,13.000000,14.000000,15.000000,16.000000,17.000000,18.000000,19.000000,20.000000,21.000000,22.000000,23.000000,24.000000,24.999985,25.998703,26.931977,26.133118,9.739428,7.547254,-6.345315,-14.184214,-2.862232,-0.158278,-0.004047,-0.000059,-0.000001,-0.000000,-0.000000,-0.000000,0.000000,0.000000,0.000000,0.000000,0.000000,0.000000,0.000000,0.000000,0.000000,0.000000,-0.000000,-0.000000,-0.000000,-0.000014,-0.001468,-0.099135,-3.819370,-66.233334,-261.216957
-61.595821,0.000000,1.000000,1.110906,2.918644,3.997045,4.999943,5.999999,7.000000,8.000000,9.000000,10.000000,11.000000,12.000000,13.000000,14.000000,15.000000,16.000000,17.000000,18.000000,19.000000,20.000000,21.000000,22.000000,23.000000,24.000000,24.999983,25.998601,26.928071,26.066105,9.478922,7.941250,-6.407678,-14.215806,-2.934741,-0.165698,-0.004323,-0.000065,-0.000001,-0.000000,-0.000000,-0.000000,0.000000,0.000000,0.000000,0.000000,0.000000,0.000000,0.000000,0.000000,0.000000,0.000000,-0.000000,-0.000000,-0.000000,-0.000016,-0.001599,-0.105860,-3.995518,-67.799446,-259.754266
-60.037181,0.000000,1.000000,1.096675,2.915673,3.996876,4.999939,5.999999,7.000000,8.000000,9.000000,10.000000,11.000000,12.000000,13.000000,14.000000,15.000000,16.000000,17.000000,18.000000,19.000000,20.000000,21.000000,22.000000,23.000000,24.000000,24.999982,25.998491,26.923986,25.997519,9.219920,8.333964,-6.468506,-14.244848,-3.008100,-0.173378,-0.004615,-0.000071,-0.000001,-0.000000,-0.000000,-0.000000,0.000000,0.000000,0.000000,0.000000,0.000000,0.000000,0.000000,0.000000,0.000000,-0.000000,-0.000000,-0.000000,-0.000000,-0.000017,-0.001741,-0.112964,-4.177657,-69.378375,-258.207062
-58.433331,0.000000,1.000000,1.082417,2.912628,3.996698,4.999934,5.999999,7.000000,8.000000,9.000000,10.000000,11.000000,12.000000,13.000000,14.000000,15.000000,16.000000,17.000000,18.000000,19.000000,20.000000,21.000000,22.000000,23.000000,24.000000,24.999980,25.998375,26.919716,25.927349,8.962507,8.725286,-6.527752,-14.271342,-3.082299,-0.181326,-0.004923,-0.000077,-0.000001,-0.000000,-0.000000,-0.000000,0.000000,0.000000,0.000000,0.000000,0.000000,0.000000,0.000000,0.000000,0.000000,-0.000000,-0.000000,-0.000000,-0.000000,-0.000019,-0.001893,-0.120464,-4.365910,-70.969670,-256.575945
-56.784577,0.000000,1.000000,1.068133,2.909509,3.996513,4.999929,5.999999,7.000000,8.000000,9.000000,10.000000,11.000000,12.000000,13.000000,14.000000,15.000000,16.000000,17.000000,18.000000,19.000000,20.000000,21.000000,22.000000,23.000000,24.000000,24.999978,25.998250,26.915254,25.855580,8.706768,9.115106,-6.585371,-14.295289,-3.157328,-0.189545,-0.005249,-0.000083,-0.000001,-0.000000,-0.000000,-0.000000,0.000000,0.000000,0.000000,0.000000,0.000000,0.000000,0.000000,0.000000,0.000000,-0.000000,-0.000000,-0.000000,-0.000000,-0.000021,-0.002058,-0.128375,-4.560399,-72.572867,-254.861545
-55.091240,0.000000,1.000000,1.053826,2.906314,3.996319,4.999923,5.999999,7.000000,8.000000,9.000000,10.000000,11.000000,12.000000,13.000000,14.000000,15.000000,16.000000,17.000000,18.000000,19.000000,20.000000,21.000000,22.000000,23.000000,24.000000,24.999976,25.998118,26.910595,25.782203,8.452784,9.503316,-6.641320,-14.316693,-3.233174,-0.198043,-0.005593,-0.000091,-0.000001,-0.000000,-0.000000,-0.000000,0.000000,0.000000,0.000000,0.000000,0.000000,0.000000,0.000000,0.000000,0.000000,-0.000000,-0.000000,-0.000000,-0.000000,-0.000024,-0.002235,-0.136717,-4.761246,-74.187495,-253.064522
-53.353654,0.000000,1.000000,1.039499,2.903042,3.996117,4.999918,5.999999,7.000000,8.000000,9.000000,10.000000,11.000000,12.000000,13.000000,14.000000,15.000000,16.000000,17.000000,18.000000,19.000000,20.000000,21.000000,22.000000,23.000000,24.000000,24.999973,25.997977,26.905732,25.707205,8.200639,9.889805,-6.695553,-14.335557,-3.309824,-0.206826,-0.005955,-0.000098,-0.000001,-0.000000,-0.000000,-0.000000,0.000000,0.000000,0.000000,0.000000,0.000000,0.000000,0.000000,0.000000,0.000000,-0.000000,-0.000000,-0.000000,-0.000000,-0.000026,-0.002425,-0.145508,-4.968573,-75.813070,-251.185562
-51.572172,0.000000,1.000000,1.025155,2.899694,3.995906,4.999911,5.999999,7.000000,8.000000,9.000000,10.000000,11.000000,12.000000,13.000000,14.000000,15.000000,16.000000,17.000000,18.000000,19.000000,20.000000,21.000000,22.000000,23.000000,24.000000,24.999971,25.997827,26.900658,25.630577,7.950413,10.274467,-6.748026,-14.351885,-3.387267,-0.215898,-0.006336,-0.000107,-0.000001,-0.000000,-0.000000,-0.000000,0.000000,0.000000,0.000000,0.000000,0.000000,0.000000,0.000000,0.000000,0.000000,-0.000000,-0.000000,-0.000000,-0.000000,-0.000029,-0.002629,-0.154767,-5.182502,-77.449101,-249.225382
-49.747159,0.000000,1.000000,1.010796,2.896268,3.995685,4.999905,5.999999,7.000000,8.000000,9.000000,10.000000,11.000000,12.000000,13.000000,14.000000,15.000000,16.000000,17.000000,18.000000,19.000000,20.000000,21.000000,22.000000,23.000000,24.000000,24.999968,25.997667,26.895367,25.552307,7.702188,10.657195,-6.798696,-14.365680,-3.465490,-0.225267,-0.006738,-0.000116,-0.000001,-0.000000,-0.000000,-0.000000,0.000000,0.000000,0.000000,0.000000,0.000000,0.000000,0.000000,0.000000,0.000000,-0.000000,-0.000000,-0.000000,-0.000000,-0.000032,-0.002848,-0.164514,-5.403155,-79.095084,-247.184726
-47.878998,0.000000,1.000000,0.996424,2.892763,3.995455,4.999898,5.999999,7.000000,8.000000,9.000000,10.000000,11.000000,12.000000,13.000000,14.000000,15.000000,16.000000,17.000000,18.000000,19.000000,20.000000,21.000000,22.000000,23.000000,24.000000,24.999965,25.997498,26.889851,25.472387,7.456043,11.037881,-6.847520,-14.376949,-3.544478,-0.234938,-0.007162,-0.000125,-0.000001,-0.000000,-0.000000,-0.000000,0.000000,0.000000,0.000000,0.000000,0.000000,0.000000,0.000000,0.000000,0.000000,-0.000000,-0.000000,-0.000000,-0.000000,-0.000035,-0.003082,-0.174767,-5.630654,-80.750510,-245.064364
-45.968083,0.000000,1.000000,0.982042,2.889179,3.995215,4.999891,5.999998,7.000000,8.000000,9.000000,10.000000,11.000000,12.000000,13.000000,14.000000,15.000000,16.000000,17.000000,18.000000,19.000000,20.000000,21.000000,22.000000,23.000000,24.000000,24.999962,25.997318,26.884105,25.390806,7.212059,11.416420,-6.894453,-14.385697,-3.624219,-0.244917,-0.007607,-0.000136,-0.000002,-0.000000,-0.000000,-0.000000,0.000000,0.000000,0.000000,0.000000,0.000000,0.000000,0.000000,0.000000,0.000000,-0.000000,-0.000000,-0.000000,-0.000000,-0.000039,-0.003334,-0.185549,-5.865119,-82.414858,-242.865096
-44.014827,0.000000,1.000000,0.967652,2.885515,3.994965,4.999883,5.999998,7.000000,8.000000,9.000000,10.000000,11.000000,12.000000,13.000000,14.000000,15.000000,16.000000,17.000000,18.000000,19.000000,20.000000,21.000000,22.000000,23.000000,24.000000,24.999958,25.997127,26.878121,25.307557,6.970313,11.792707,-6.939455,-14.391930,-3.704698,-0.255210,-0.008075,-0.000147,-0.000002,-0.000000,-0.000000,-0.000000,0.000000,0.000000,0.000000,0.000000,0.000000,0.000000,0.000000,0.000000,0.000000,-0.000000,-0.000000,-0.000000,-0.000000,-0.000043,-0.003604,-0.196881,-6.106671,-84.087598,-240.587749
-42.019654,0.000000,1.000000,0.953258,2.881769,3.994705,4.999874,5.999998,7.000000,8.000000,9.000000,10.000000,11.000000,12.000000,13.000000,14.000000,15.000000,16.000000,17.000000,18.000000,19.000000,20.000000,21.000000,22.000000,23.000000,24.000000,24.999955,25.996924,26.871892,25.222631,6.730883,12.166639,-6.982482,-14.395655,-3.785901,-0.265823,-0.008567,-0.000158,-0.000002,-0.000000,-0.000000,-0.000000,0.000000,0.000000,0.000000,0.000000,0.000000,0.000000,0.000000,0.000000,0.000000,-0.000000,-0.000000,-0.000000,-0.000000,-0.000047,-0.003892,-0.208784,-6.355430,-85.768192,-238.233175
-39.983006,0.000000,1.000000,0.938861,2.877943,3.994434,4.999866,5.999998,7.000000,8.000000,9.000000,10.000000,11.000000,12.000000,13.000000,14.000000,15.000000,16.000000,17.000000,18.000000,19.000000,20.000000,21.000000,22.000000,23.000000,24.000000,24.999951,25.996709,26.865410,25.136021,6.493846,12.538112,-7.023493,-14.396880,-3.867813,-0.276763,-0.009084,-0.000171,-0.000002,-0.000000,-0.000000,-0.000000,0.000000,0.000000,0.000000,0.000000,0.000000,0.000000,0.000000,0.000000,0.000000,-0.000000,-0.000000,-0.000000,-0.000000,-0.000051,-0.004201,-0.221282,-6.611516,-87.456093,-235.802255
-37.905337,0.000000,1.000000,0.924464,2.874034,3.994151,4.999856,5.999998,7.000000,8.000000,9.000000,10.000000,11.000000,12.000000,13.000000,14.000000,15.000000,16.000000,17.000000,18.000000,19.000000,20.000000,21.000000,22.000000,23.000000,23.999999,24.999946,25.996481,26.858669,25.047719,6.259278,12.907024,-7.062447,-14.395611,-3.950419,-0.288035,-0.009627,-0.000184,-0.000002,-0.000000,-0.000000,-0.000000,0.000000,0.000000,0.000000,0.000000,0.000000,0.000000,0.000000,0.000000,0.000000,-0.000000,-0.000000,-0.000000,-0.000000,-0.000056,-0.004531,-0.234396,-6.875048,-89.150747,-233.295894
-35.787116,0.000000,1.000000,0.910070,2.870042,3.993858,4.999846,5.999998,7.000000,8.000000,9.000000,10.000000,11.000000,12.000000,13.000000,14.000000,15.000000,16.000000,17.000000,18.000000,19.000000,20.000000,21.000000,22.000000,23.000000,23.999999,24.999942,25.996240,26.851660,24.957720,6.027254,13.273274,-7.099303,-14.391859,-4.033704,-0.299646,-0.010197,-0.000199,-0.000003,-0.000000,-0.000000,-0.000000,0.000000,0.000000,0.000000,0.000000,0.000000,0.000000,0.000000,0.000000,0.000000,-0.000000,-0.000000,-0.000000,-0.000001,-0.000062,-0.004883,-0.248151,-7.146143,-90.851590,-230.715024
-33.628825,0.000000,1.000000,0.895680,2.865966,3.993552,4.999836,5.999997,7.000000,8.000000,9.000000,10.000000,11.000000,12.000000,13.000000,14.000000,15.000000,16.000000,17.000000,18.000000,19.000000,20.000000,21.000000,22.000000,23.000000,23.999999,24.999937,25.995985,26.844377,24.866016,5.797848,13.636762,-7.134021,-14.385631,-4.117651,-0.311601,-0.010795,-0.000214,-0.000003,-0.000000,-0.000000,-0.000000,0.000000,0.000000,0.000000,0.000000,0.000000,0.000000,0.000000,0.000000,0.000000,-0.000000,-0.000000,-0.000000,-0.000001,-0.000068,-0.005260,-0.262572,-7.424920,-92.558050,-228.060603
-31.430963,0.000000,1.000000,0.881298,2.861807,3.993234,4.999825,5.999997,7.000000,8.000000,9.000000,10.000000,11.000000,12.000000,13.000000,14.000000,15.000000,16.000000,17.000000,18.000000,19.000000,20.000000,21.000000,22.000000,23.000000,23.999999,24.999931,25.995715,26.836810,24.772604,5.571133,13.997389,-7.166560,-14.376938,-4.202244,-0.323906,-0.011421,-0.000231,-0.000003,-0.000000,-0.000000,-0.000000,0.000000,0.000000,0.000000,0.000000,0.000000,0.000000,0.000000,0.000000,0.000000,-0.000000,-0.000000,-0.000000,-0.000001,-0.000074,-0.005661,-0.277683,-7.711494,-94.269549,-225.333614
-29.194039,0.000000,1.000000,0.866926,2.857562,3.992904,4.999813,5.999997,7.000000,8.000000,9.000000,10.000000,11.000000,12.000000,13.000000,14.000000,15.000000,16.000000,17.000000,18.000000,19.000000,20.000000,21.000000,22.000000,23.000000,23.999999,24.999925,25.995430,26.828954,24.677477,5.347180,14.355056,-7.196882,-14.365789,-4.287467,-0.336568,-0.012078,-0.000248,-0.000003,-0.000000,-0.000000,-0.000000,0.000000,0.000000,0.000000,0.000000,0.000000,0.000000,0.000000,0.000000,0.000000,-0.000000,-0.000000,-0.000000,-0.000001,-0.000081,-0.006089,-0.293510,-8.005980,-95.985501,-222.535064
-26.918579,0.000000,1.000000,0.852567,2.853232,3.992561,4.999801,5.999997,7.000000,8.000000,9.000000,10.000000,11.000000,12.000000,13.000000,14.000000,15.000000,16.000000,17.000000,18.000000,19.000000,20.000000,21.000000,22.000000,23.000000,23.999999,24.999919,25.995128,26.820798,24.580633,5.126062,14.709668,-7.224947,-14.352196,-4.373302,-0.349593,-0.012766,-0.000267,-0.000004,-0.000000,-0.000000,-0.000000,-0.000000,0.000000,0.000000,0.000000,0.000000,0.000000,0.000000,0.000000,0.000000,-0.000000,-0.000000,-0.000000,-0.000001,-0.000089,-0.006545,-0.310079,-8.308493,-97.705312,-219.665985
-24.605119,0.000000,1.000000,0.838222,2.848815,3.992205,4.999788,5.999996,7.000000,8.000000,9.000000,10.000000,11.000000,12.000000,13.000000,14.000000,15.000000,16.000000,17.000000,18.000000,19.000000,20.000000,21.000000,22.000000,23.000000,23.999999,24.999912,25.994810,26.812337,24.482067,4.907848,15.061127,-7.250718,-14.336170,-4.459734,-0.362986,-0.013487,-0.000287,-0.000004,-0.000000,-0.000000,-0.000000,-0.000000,0.000000,0.000000,0.000000,0.000000,0.000000,0.000000,0.000000,0.000000,-0.000000,-0.000000,-0.000000,-0.000001,-0.000097,-0.007031,-0.327418,-8.619147,-99.428380,-216.727435
-22.254213,0.000000,1.000000,0.823894,2.844312,3.991835,4.999774,5.999996,7.000000,8.000000,9.000000,10.000000,11.000000,12.000000,13.000000,14.000000,15.000000,16.000000,17.000000,18.000000,19.000000,20.000000,21.000000,22.000000,23.000000,23.999999,24.999905,25.994473,26.803560,24.381776,4.692607,15.409339,-7.274156,-14.317722,-4.546743,-0.376754,-0.014241,-0.000308,-0.000004,-0.000000,-0.000000,-0.000000,-0.000000,0.000000,0.000000,0.000000,0.000000,0.000000,0.000000,0.000000,0.000000,-0.000000,-0.000000,-0.000000,-0.000001,-0.000106,-0.007549,-0.345553,-8.938052,-101.154100,-213.720492
-19.866424,0.000000,1.000000,0.809587,2.839722,3.991452,4.999759,5.999996,7.000000,8.000000,9.000000,10.000000,11.000000,12.000000,13.000000,14.000000,15.000000,16.000000,17.000000,18.000000,19.000000,20.000000,21.000000,22.000000,23.000000,23.999999,24.999897,25.994118,26.794460,24.279759,4.480407,15.754211,-7.295226,-14.296865,-4.634312,-0.390903,-0.015030,-0.000330,-0.000005,-0.000000,-0.000000,-0.000000,-0.000000,0.000000,0.000000,0.000000,0.000000,0.000000,0.000000,0.000000,0.000000,-0.000000,-0.000000,-0.000000,-0.000001,-0.000116,-0.008099,-0.364514,-9.265321,-102.881856,-210.646260
-17.442329,0.000000,1.000000,0.795301,2.835044,3.991054,4.999744,5.999995,7.000000,8.000000,9.000000,10.000000,11.000000,12.000000,13.000000,14.000000,15.000000,16.000000,17.000000,18.000000,19.000000,20.000000,21.000000,22.000000,23.000000,23.999999,24.999889,25.993744,26.785029,24.176013,4.271314,16.095651,-7.313888,-14.273612,-4.722424,-0.405439,-0.015855,-0.000354,-0.000005,-0.000000,-0.000000,-0.000000,-0.000000,0.000000,0.000000,0.000000,0.000000,0.000000,0.000000,0.000000,0.000000,-0.000000,-0.000000,-0.000000,-0.000001,-0.000126,-0.008684,-0.384330,-9.601061,-104.611028,-207.505866
-14.982519,0.000000,1.000000,0.781039,2.830277,3.990641,4.999727,5.999995,7.000000,8.000000,9.000000,10.000000,11.000000,12.000000,13.000000,14.000000,15.000000,16.000000,17.000000,18.000000,19.000000,20.000000,21.000000,22.000000,23.000000,23.999999,24.999880,25.993350,26.775258,24.070537,4.065395,16.433566,-7.330109,-14.247977,-4.811059,-0.420367,-0.016718,-0.000380,-0.000006,-0.000000,-0.000000,-0.000000,-0.000000,0.000000,0.000000,0.000000,0.000000,0.000000,0.000000,0.000000,0.000000,-0.000000,-0.000000,-0.000000,-0.000001,-0.000138,-0.009306,-0.405029,-9.945381,-106.340991,-204.300459
-12.487597,0.000000,1.000000,0.766805,2.825422,3.990213,4.999710,5.999995,7.000000,8.000000,9.000000,10.000000,11.000000,12.000000,13.000000,14.000000,15.000000,16.000000,17.000000,18.000000,19.000000,20.000000,21.000000,22.000000,23.000000,23.999998,24.999870,25.992934,26.765139,23.963331,3.862713,16.767869,-7.343853,-14.219973,-4.900199,-0.435694,-0.017619,-0.000407,-0.000006,-0.000000,-0.000000,-0.000000,-0.000000,0.000000,0.000000,0.000000,0.000000,0.000000,0.000000,0.000000,0.000000,-0.000000,-0.000000,-0.000000,-0.000002,-0.000150,-0.009966,-0.426642,-10.298386,-108.071111,-201.031209
-9.958178,0.000000,1.000000,0.752599,2.820477,3.989769,4.999692,5.999994,7.000000,8.000000,9.000000,10.000000,11.000000,12.000000,13.000000,14.000000,15.000000,16.000000,17.000000,18.000000,19.000000,20.000000,21.000000,22.000000,23.000000,23.999998,24.999860,25.992497,26.754661,23.854395,3.663332,17.098469,-7.355084,-14.189615,-4.989824,-0.451426,-0.018560,-0.000436,-0.000007,-0.000000,-0.000000,-0.000000,-0.000000,0.000000,0.000000,0.000000,0.000000,0.000000,0.000000,0.000000,0.000000,-0.000000,-0.000000,-0.000000,-0.000002,-0.000163,-0.010667,-0.449201,-10.660183,-109.800751,-197.699310
-7.394890,0.000000,1.000000,0.738426,2.815442,3.989310,4.999673,5.999994,7.000000,8.000000,9.000000,10.000000,11.000000,12.000000,13.000000,14.000000,15.000000,16.000000,17.000000,18.000000,19.000000,20.000000,21.000000,22.000000,23.000000,23.999998,24.999849,25.992036,26.743818,23.743730,3.467314,17.425280,-7.363768,-14.156917,-5.079916,-0.467568,-0.019543,-0.000466,-0.000007,-0.000000,-0.000000,-0.000000,-0.000000,0.000000,0.000000,0.000000,0.000000,0.000000,0.000000,0.000000,0.000000,-0.000000,-0.000000,-0.000000,-0.000002,-0.000177,-0.011411,-0.472737,-11.030872,-111.529269,-194.305975
-4.798372,0.000000,1.000000,0.724286,2.810317,3.988834,4.999653,5.999993,7.000000,8.000000,9.000000,10.000000,11.000000,12.000000,13.000000,14.000000,15.000000,16.000000,17.000000,18.000000,19.000000,20.000000,21.000000,22.000000,23.000000,23.999998,24.999837,25.991551,26.732600,23.631336,3.274720,17.748216,-7.369873,-14.121896,-5.170454,-0.484127,-0.020569,-0.000499,-0.000008,-0.000000,-0.000000,-0.000000,-0.000000,0.000000,0.000000,0.000000,0.000000,0.000000,0.000000,0.000000,0.000000,-0.000000,-0.000000,-0.000000,-0.000002,-0.000192,-0.012200,-0.497282,-11.410556,-113.256015,-190.852439
-2.169275,0.000000,1.000000,0.710182,2.805101,3.988342,4.999632,5.999993,7.000000,8.000000,9.000000,10.000000,11.000000,12.000000,13.000000,14.000000,15.000000,16.000000,17.000000,18.000000,19.000000,20.000000,21.000000,22.000000,23.000000,23.999998,24.999824,25.991041,26.720997,23.517218,3.085609,18.067192,-7.373364,-14.084568,-5.261418,-0.501108,-0.021639,-0.000533,-0.000008,-0.000000,-0.000000,-0.000000,-0.000000,0.000000,0.000000,0.000000,0.000000,0.000000,0.000000,0.000000,0.000000,-0.000000,-0.000000,-0.000000,-0.000002,-0.000209,-0.013036,-0.522870,-11.799334,-114.980338,-187.339957
0.491737,0.000000,1.000000,0.696116,2.799794,3.987832,4.999610,5.999992,7.000000,8.000000,9.000000,10.000000,11.000000,12.000000,13.000000,14.000000,15.000000,16.000000,17.000000,18.000000,19.000000,20.000000,21.000000,22.000000,23.000000,23.999997,24.999811,25.990505,26.709001,23.401376,2.900040,18.382126,-7.374210,-14.044949,-5.352789,-0.518517,-0.022755,-0.000569,-0.000009,-0.000000,-0.000000,-0.000000,-0.000000,0.000000,0.000000,0.000000,0.000000,0.000000,0.000000,0.000000,0.000000,-0.000000,-0.000000,-0.000000,-0.000003,-0.000227,-0.013922,-0.549534,-12.197303,-116.701580,-183.769806
3.183989,0.000000,1.000000,0.682092,2.794395,3.987305,4.999586,5.999992,7.000000,8.000000,9.000000,10.000000,11.000000,12.000000,13.000000,14.000000,15.000000,16.000000,17.000000,18.000000,19.000000,20.000000,21.000000,22.000000,23.000000,23.999997,24.999796,25.989942,26.696602,23.283815,2.718069,18.692936,-7.372380,-14.003056,-5.444546,-0.536360,-0.023918,-0.000608,-0.000010,-0.000000,-0.000000,-0.000000,-0.000000,0.000000,0.000000,0.000000,0.000000,0.000000,0.000000,0.000000,0.000000,-0.000000,-0.000000,-0.000000,-0.000003,-0.000246,-0.014860,-0.577310,-12.604558,-118.419079,-180.143278
5.906797,0.000000,1.000000,0.668110,2.788905,3.986759,4.999562,5.999991,7.000000,8.000000,9.000000,10.000000,11.000000,12.000000,13.000000,14.000000,15.000000,16.000000,17.000000,18.000000,19.000000,20.000000,21.000000,22.000000,23.000000,23.999997,24.999781,25.989351,26.683792,23.164538,2.539753,18.999541,-7.367842,-13.958907,-5.536668,-0.554642,-0.025130,-0.000649,-0.000011,-0.000000,-0.000000,-0.000000,-0.000000,0.000000,0.000000,0.000000,0.000000,0.000000,0.000000,0.000000,0.000000,-0.000000,-0.000000,-0.000000,-0.000003,-0.000266,-0.015853,-0.606232,-13.021192,-120.132171,-176.461688
8.659463,0.000000,1.000000,0.654174,2.783322,3.986195,4.999536,5.999990,7.000000,8.000000,9.000000,10.000000,11.000000,12.000000,13.000000,14.000000,15.000000,16.000000,17.000000,18.000000,19.000000,20.000000,21.000000,22.000000,23.000000,23.999997,24.999765,25.988730,26.670560,23.043550,2.365145,19.301863,-7.360565,-13.912519,-5.629134,-0.573370,-0.026392,-0.000692,-0.000012,-0.000000,-0.000000,-0.000000,-0.000000,0.000000,0.000000,0.000000,0.000000,0.000000,0.000000,0.000000,0.000000,-0.000000,-0.000000,-0.000000,-0.000003,-0.000288,-0.016903,-0.636336,-13.447296,-121.840185,-172.726368
11.441280,0.000000,1.000000,0.640285,2.777647,3.985613,4.999509,5.999990,7.000000,8.000000,9.000000,10.000000,11.000000,12.000000,13.000000,14.000000,15.000000,16.000000,17.000000,18.000000,19.000000,20.000000,21.000000,22.000000,23.000000,23.999996,24.999747,25.988078,26.656897,22.920858,2.194300,19.599825,-7.350522,-13.863912,-5.721923,-0.592549,-0.027707,-0.000738,-0.000013,-0.000000,-0.000000,-0.000000,-0.000000,0.000000,0.000000,0.000000,0.000000,0.000000,0.000000,0.000000,0.000000,-0.000000,-0.000000,-0.000000,-0.000004,-0.000312,-0.018013,-0.667659,-13.882959,-123.542449,-168.938668
14.251530,0.000000,1.000000,0.626446,2.771878,3.985010,4.999481,5.999989,7.000000,8.000000,9.000000,10.000000,11.000000,12.000000,13.000000,14.000000,15.000000,16.000000,17.000000,18.000000,19.000000,20.000000,21.000000,22.000000,23.000000,23.999996,24.999729,25.987394,26.642794,22.796466,2.027268,19.893351,-7.337682,-13.813104,-5.815013,-0.612184,-0.029076,-0.000786,-0.000014,-0.000000,-0.000000,-0.000000,-0.000000,0.000000,0.000000,0.000000,0.000000,0.000000,0.000000,0.000000,0.000000,-0.000000,-0.000000,-0.000000,-0.000004,-0.000337,-0.019187,-0.700238,-14.328267,-125.238287,-165.099955
17.089484,0.000000,1.000000,0.612659,2.766017,3.984388,4.999451,5.999988,7.000000,8.000000,9.000000,10.000000,11.000000,12.000000,13.000000,14.000000,15.000000,16.000000,17.000000,18.000000,19.000000,20.000000,21.000000,22.000000,23.000000,23.999996,24.999709,25.986678,26.628241,22.670381,1.864100,20.182367,-7.322018,-13.760115,-5.908383,-0.632281,-0.030500,-0.000837,-0.000015,-0.000000,-0.000000,-0.000000,-0.000000,0.000000,0.000000,0.000000,0.000000,0.000000,0.000000,0.000000,0.000000,-0.000000,-0.000000,-0.000000,-0.000005,-0.000365,-0.020427,-0.734112,-14.783304,-126.927022,-161.211616
19.954404,0.000000,1.000000,0.598926,2.760061,3.983746,4.999420,5.999987,7.000000,8.000000,9.000000,10.000000,11.000000,12.000000,13.000000,14.000000,15.000000,16.000000,17.000000,18.000000,19.000000,20.000000,21.000000,22.000000,23.000000,23.999995,24.999688,25.985926,26.613227,22.542612,1.704844,20.466801,-7.303502,-13.704965,-6.002010,-0.652846,-0.031981,-0.000891,-0.000016,-0.000000,-0.000000,-0.000000,-0.000000,0.000000,0.000000,0.000000,0.000000,0.000000,0.000000,0.000000,0.000000,-0.000000,-0.000000,-0.000000,-0.000005,-0.000394,-0.021736,-0.769319,-15.248151,-128.607971,-157.275050
22.845542,0.000000,1.000000,0.585249,2.754013,3.983082,4.999387,5.999986,7.000000,8.000000,9.000000,10.000000,11.000000,12.000000,13.000000,14.000000,15.000000,16.000000,17.000000,18.000000,19.000000,20.000000,21.000000,22.000000,23.000000,23.999995,24.999665,25.985139,26.597744,22.413166,1.549549,20.746580,-7.282108,-13.647673,-6.095873,-0.673883,-0.033521,-0.000948,-0.000017,-0.000000,-0.000000,-0.000000,-0.000000,0.000000,0.000000,0.000000,0.000000,0.000000,0.000000,0.000000,0.000000,-0.000000,-0.000000,-0.000000,-0.000005,-0.000425,-0.023118,-0.805900,-15.722887,-130.280452,-153.291675
